ZW0 - Localised:
[ 6.56275211e-17 -2.36368021e+00  4.05759159e-33  1.51186227e-16
 -3.11766118e-17  1.36950950e-16 -6.30746040e-17  1.72305945e-17
 -1.90598205e-16  0.00000000e+00  0.00000000e+00  0.00000000e+00
  0.00000000e+00  0.00000000e+00  0.00000000e+00  0.00000000e+00
  0.00000000e+00  0.00000000e+00]

ZW0' - Localised:
[-6.56275211e-17  4.05759159e-33 -2.36368021e+00 -6.30746040e-17
  2.50130542e-16  3.11766118e-17  3.21802265e-16 -3.77112245e-17
  9.54361830e-17  0.00000000e+00  0.00000000e+00  0.00000000e+00
  0.00000000e+00  0.00000000e+00  0.00000000e+00  0.00000000e+00
  0.00000000e+00  0.00000000e+00]


ZW0 - Delocalised:
[ 0.00000000e+00 -3.34321483e+00  9.79534620e-01 -2.74766180e-16
  3.92523115e-16  1.96261557e-16 -3.14018492e-16 -6.27685282e-01
 -2.30602466e+00  0.00000000e+00  0.00000000e+00  0.00000000e+00
  0.00000000e+00  0.00000000e+00  0.00000000e+00  0.00000000e+00
  0.00000000e+00  0.00000000e+00]

ZW0' - Delocalised:
[ 0.00000000e+00  9.79534620e-01 -3.34321483e+00 -0.00000000e+00
  7.85046229e-17 -7.85046229e-17 -1.57009246e-16 -6.27685282e-01
  2.30602466e+00  0.00000000e+00  0.00000000e+00  0.00000000e+00
  0.00000000e+00  0.00000000e+00  0.00000000e+00  0.00000000e+00
  0.00000000e+00  0.00000000e+00]

(i0|0j) = -1.3313839577263133
(i0'|0'j) = 1.331383957726313
(i0|0'j) = -5.5100105919948194e-17
(i0'|0j) = -1.1004192491615155e-16

OS1 - Localised:
[-4.32274945e+00  6.56275211e-17 -6.56275211e-17 -9.38561504e-17
  2.38925716e-16  3.72727157e-16 -2.17317507e-16  0.00000000e+00
  3.26121135e+00  0.00000000e+00  0.00000000e+00  0.00000000e+00
  0.00000000e+00  0.00000000e+00  0.00000000e+00  0.00000000e+00
  0.00000000e+00  0.00000000e+00]

ZW- - Localised:
[ 1.31255042e-16 -2.36368021e+00  2.36368021e+00  2.14260831e-16
 -2.81307153e-16  1.05774338e-16 -3.84876869e-16  5.49418190e-17
 -2.86034388e-16  0.00000000e+00  0.00000000e+00  0.00000000e+00
  0.00000000e+00  0.00000000e+00  0.00000000e+00  0.00000000e+00
  0.00000000e+00  0.00000000e+00]

1^HL2 - Localised
[ 3.26121135e+00 -1.90598205e-16 -1.90598205e-16 -5.32234553e-16
 -6.46566875e-17 -8.20014319e-17  5.81997645e-16 -5.76888806e-16
  7.98830375e+00  0.00000000e+00  0.00000000e+00  0.00000000e+00
  0.00000000e+00  0.00000000e+00  0.00000000e+00  0.00000000e+00
  0.00000000e+00  0.00000000e+00]

OS1 - Delocalised:
[-2.36368021e+00  0.00000000e+00  0.00000000e+00  3.33066907e-16
 -1.94289029e-16  3.33066907e-16 -8.32667268e-17  0.00000000e+00
  6.79869978e-17  0.00000000e+00  0.00000000e+00  0.00000000e+00
  0.00000000e+00  0.00000000e+00  0.00000000e+00  0.00000000e+00
  0.00000000e+00  0.00000000e+00]

ZW- - Delocalised
[ 0.00000000e+00 -4.32274945e+00  4.32274945e+00 -2.74766180e-16
  3.14018492e-16  2.74766180e-16 -1.57009246e-16  0.00000000e+00
 -4.61204932e+00  0.00000000e+00  0.00000000e+00  0.00000000e+00
  0.00000000e+00  0.00000000e+00  0.00000000e+00  0.00000000e+00
  0.00000000e+00  0.00000000e+00]

1^HL2 - Delocalised
[ 6.79869978e-17 -2.30602466e+00 -2.30602466e+00 -3.96657086e-16
 -3.85193388e-16  4.87372683e-16  4.98438785e-16  0.00000000e+00
  7.98830375e+00  0.00000000e+00  0.00000000e+00  0.00000000e+00
  0.00000000e+00  0.00000000e+00  0.00000000e+00  0.00000000e+00
  0.00000000e+00  0.00000000e+00]

(i0|0j) = -2.9595126114924725e-16
(i0'|0'j) = -2.4044010991798943e-16
(i0|0'j) = -1.331383957726313
(i0'|0j) = -1.331383957726313


3^OS3 - Delocalised
[ 0.00000000e+00  0.00000000e+00  0.00000000e+00  0.00000000e+00
  0.00000000e+00  0.00000000e+00  0.00000000e+00  0.00000000e+00
  0.00000000e+00 -4.32274945e+00  2.22044605e-16 -1.94289029e-16
 -1.11022302e-16  1.38777878e-16  0.00000000e+00 -3.92523115e-17
 -5.36391371e-16  0.00000000e+00]

3^HL1 - Delocalised
[0.00000000e+00 0.00000000e+00 0.00000000e+00 0.00000000e+00
 0.00000000e+00 0.00000000e+00 0.00000000e+00 0.00000000e+00
 0.00000000e+00 0.00000000e+00 4.03456293e-16 8.71976002e-17
 1.11138365e-16 1.30075863e-17 4.62183716e+00 0.00000000e+00
 3.14018492e-16 0.00000000e+00]


3^OS3 - Localised
[ 0.00000000e+00  0.00000000e+00  0.00000000e+00  0.00000000e+00
  0.00000000e+00  0.00000000e+00  0.00000000e+00  0.00000000e+00
  0.00000000e+00 -4.32274945e+00  4.97657632e-17  3.28126677e-16
 -3.28126677e-16  1.95272313e-16  0.00000000e+00 -1.88286125e+00
 -4.44089210e-16  0.00000000e+00]

3^HL1 - Localised
[ 0.00000000e+00  0.00000000e+00  0.00000000e+00  0.00000000e+00
  0.00000000e+00  0.00000000e+00  0.00000000e+00  0.00000000e+00
  0.00000000e+00  0.00000000e+00  3.36324245e-16  3.05183868e-16
 -9.65892774e-17 -7.18154598e-17  4.62183716e+00  3.33066907e-16
  0.00000000e+00  0.00000000e+00]