Cl    -3.277377   -2.485603   -3.493126
C     -2.699023   -1.925967   -1.954294
C     -3.325590   -1.032653   -1.149950
C     -2.658877   -0.653887   -0.032948
Cl    -3.318561    0.369461    1.202752
C     -1.451111   -1.155103    0.248552
H     -1.001750   -0.794034    1.165504
C     -0.805976   -2.018599   -0.554528
C     -1.478651   -2.372551   -1.660276
H     -1.074116   -3.082888   -2.369317
C      4.136041   -4.144382    0.588384
C      4.437794   -5.382734    0.089786
C      3.499462   -6.360996   -0.014131
Cl     1.886837   -6.291805    0.629802
C      3.797437   -7.550810   -0.537387
C      5.027111   -7.884953   -0.951621
C      9.652042   -1.123021    4.904912
C      5.954655   -6.924395   -0.822117
C      5.684740   -5.706424   -0.342355
Cl     7.012168   -4.596189   -0.484862
C      5.021043   -3.463734    1.377093
C      5.796985   -4.090207    2.301087
Cl     5.689423   -5.767618    2.734166
C      6.644588   -3.398504    3.066882
C      6.760874   -2.067788    3.006767
H    -13.051171   -8.504296   -3.605747
C      5.995225   -1.458463    2.097280
C      5.161225   -2.114224    1.290105
Cl     4.437079   -1.096019    0.083919
C     -4.567455   -0.556556   -1.449245
C     -4.901277    0.759529   -1.291878
C     -4.021120    1.766350   -1.532893
Cl    -2.421138    1.573474   -2.176835
C     -4.394797    3.044598   -1.420993
C     -5.634580    3.420924   -1.084427
H      8.405402  -14.573258   -3.157188
C     -6.482782    2.422527   -0.823106
C     -6.151252    1.135503   -0.911756
Cl    -7.413621    0.077558   -0.360077
C     -5.493755   -1.421926   -1.939416
C     -6.236924   -1.121727   -3.030863
Cl    -6.022794    0.299414   -4.002897
C     -7.138501   -1.987081   -3.498295
C     -7.410563   -3.154522   -2.894569
H      3.478492  -15.589656   -4.746430
C     -6.673304   -3.430881   -1.807389
C     -5.717541   -2.619999   -1.350795
Cl    -4.946092   -3.164448    0.104421
H      2.992152   -8.276288   -0.538722
H      6.966328   -7.078397   -1.181480
H      7.186642   -3.949152    3.829874
H      6.099649   -0.388999    1.939985
H     -3.667570    3.794019   -1.714755
H     -7.688436   -1.664015   -4.374705
H     -6.795737   -4.363250   -1.267543
H     -7.477095    2.646989   -0.451261
C      1.172072   -3.160737   -1.189166
C      2.376230   -3.672952   -0.933848
C      2.922682   -3.585904    0.303487
C      2.193880   -2.923259    1.237762
C      0.999039   -2.405195    0.938051
C      0.430976   -2.515949   -0.273182
H      0.849916   -3.251704   -2.218427
Cl     3.183527   -4.299836   -2.338226
Cl     2.601246   -2.806981    2.921699
H      0.473895   -1.942350    1.764443
C     -5.184014    5.688676   -0.531759
C     -6.017860    4.724040   -1.015901
C     -7.256804    5.117169   -1.434886
C     10.149375  -12.084635   -1.840890
C     -7.609486    6.404701   -1.368272
H     -8.589201    6.712840   -1.729503
C     -6.793440    7.336648   -0.896658
H      7.423299   -9.020775   -1.151517
C     -5.595549    6.959980   -0.470068
H     -4.938788    7.718090   -0.047193
C      9.184158  -11.170982   -1.694085
C      7.946942  -11.492282   -2.074665
C      8.627071  -13.593816   -2.739478
H      3.780825  -11.771426   -2.786955
H     11.165103  -11.851243   -1.531418
H      9.408614  -10.199122   -1.262151
H      7.242900  -12.614015   -5.333369
H      3.289871   -9.652154   -1.925584
C      9.871877  -13.289092   -2.357191
C    -11.741440   -8.507237   -8.006770
C      6.397484  -13.283011   -5.185371
C      7.214085   -0.189485    4.374213
H      7.726911    1.400651    5.646395
C      5.912709  -13.948234   -6.234558
H    -13.070545   -9.242607   -1.295797
H      4.476948  -15.310372   -6.935155
H     10.662172   -1.478125    5.100533
C      8.050461    0.471336    5.180662
C      9.266612    0.020522    5.457531
C      4.327336  -14.922661   -4.874974
H      6.364028  -13.818654   -7.215344
N    -11.261697   -6.596717   -4.479654
N      6.353939  -12.750592   -2.905497
H     10.663892  -14.026115   -2.464859
C      8.846043   -1.834920    4.109655
C      5.861278  -13.428922   -3.965040
C      7.597617   -1.373772    3.819164
C    -12.154722   -6.691996   -6.637863
C    -10.858362   -8.432022   -5.875486
H    -12.623991   -5.721671   -6.489849
H    -10.257163   -8.900751   -5.098851
H    -11.506234   -8.314826    0.299333
C    -11.014774   -9.064389   -7.039153
H    -11.867754   -9.020055   -8.957180
H    -12.901632   -6.860018   -8.594253
H    -10.547341  -10.033258   -7.197761
C      4.875144  -14.769170   -6.080227
C    -11.427361   -7.238201   -5.655873
C      4.819328  -14.258314   -3.826886
H      4.359842  -14.394470   -2.850208
C     -8.852637   -3.924009   -4.613717
C     -8.372542   -3.998186   -3.348530
C     -8.915518   -4.944770   -2.549501
C     -9.789986   -4.757999   -5.074961
C    -10.306018   -5.672215   -4.259849
C     -9.882594   -5.737470   -3.009144
C    -11.460781   -7.160723   -3.271168
C    -10.609016   -6.654517   -2.387387
C    -10.600842   -7.051833   -1.114112
C    -11.485401   -7.979812   -0.734830
C    -12.344220   -8.086986   -2.892499
C    -12.352327   -8.492662   -1.617901
H     -8.461940   -3.218461   -5.337795
C    -12.310693   -7.319024   -7.805628
H     -8.646621   -5.049239   -1.504855
H    -10.127933   -4.679736   -6.105419
H     -9.907029   -6.627080   -0.393060
C      4.333691   -9.943027   -1.908124
C      5.308643   -9.113739   -1.459558
C      6.576322   -9.580728   -1.530645
C      4.593811  -11.149914   -2.419454
C      5.849738  -11.580824   -2.463773
C      6.816127  -10.805081   -2.001557
C      7.664264  -12.680381   -2.596114
