orbital number 1
[0.16 0.17 0.27 0.17 0.12 0.13 0.2  0.17 0.06 0.2  0.13 0.09 0.1  0.06
 0.05 0.06 0.1  0.09 0.1  0.05 0.04 0.01 0.05 0.09 0.12 0.13 0.08 0.06
 0.01 0.08 0.13 0.12 0.13 0.08 0.07 0.08 0.14 0.09 0.08 0.1  0.06 0.05
 0.05 0.22 0.08 0.27 0.02 0.02 0.01 0.01 0.01 0.   0.01 0.01 0.01 0.01
 0.02 0.   0.   0.01 0.   0.01 0.02 0.01 0.01 0.03 0.01 0.   0.27 0.25
 0.2  0.19 0.1  0.1  0.09 0.09 0.13 0.12 0.13 0.13]
orbital number 2
[ 0.09  0.11  0.18  0.11 -0.13 -0.15 -0.25 -0.21 -0.09 -0.24 -0.15 -0.15
 -0.17 -0.1  -0.09 -0.1  -0.17 -0.14 -0.15 -0.09 -0.07 -0.02 -0.08 -0.15
  0.11  0.12  0.07  0.05  0.01  0.07  0.12  0.11  0.12  0.07  0.06  0.07
  0.13 -0.05 -0.01  0.03  0.01 -0.01 -0.02  0.15  0.07  0.18  0.01  0.02
  0.01  0.01  0.    0.    0.   -0.02 -0.01 -0.01 -0.04 -0.01 -0.    0.01
 -0.01 -0.01  0.01 -0.02 -0.01  0.03  0.01 -0.01  0.18  0.17 -0.24 -0.23
 -0.17 -0.17 -0.15 -0.14  0.11  0.11  0.12  0.12]
orbital number 3
[-0.1  -0.1  -0.15 -0.1  -0.11 -0.11 -0.16 -0.11  0.02 -0.15 -0.1   0.17
  0.22  0.14  0.12  0.14  0.22  0.08  0.1   0.06  0.05  0.03  0.06  0.1
  0.1   0.13  0.08  0.06  0.01  0.07  0.13  0.17  0.21  0.13  0.12  0.13
  0.21 -0.07 -0.06 -0.07 -0.05 -0.04 -0.05 -0.1   0.03 -0.14  0.03  0.02
  0.01  0.01  0.01  0.    0.01  0.03  0.02  0.02  0.05  0.    0.    0.02
  0.    0.01  0.03  0.01  0.01  0.05  0.02  0.01 -0.16 -0.15 -0.17 -0.16
  0.23  0.23  0.1   0.1   0.13  0.13  0.21  0.22]
orbital number 4
[ 0.11  0.12  0.19  0.12 -0.11 -0.12 -0.19 -0.14  0.01 -0.19 -0.12  0.16
  0.21  0.13  0.12  0.13  0.21  0.04  0.05  0.03  0.03  0.03  0.03  0.05
 -0.07 -0.08 -0.05 -0.04 -0.01 -0.05 -0.08 -0.16 -0.21 -0.13 -0.12 -0.13
 -0.21 -0.04  0.    0.04  0.02  0.   -0.01  0.14 -0.01  0.18 -0.03 -0.01
 -0.01 -0.01 -0.   -0.   -0.    0.03  0.02  0.02  0.05  0.    0.   -0.02
  0.    0.   -0.03  0.01  0.   -0.05 -0.02  0.01  0.2   0.19 -0.2  -0.2
  0.22  0.22  0.05  0.05 -0.08 -0.08 -0.21 -0.22]
orbital number 5
[ 0.04  0.04  0.06  0.04 -0.   -0.   -0.01 -0.01 -0.   -0.01 -0.    0.03
  0.04  0.03  0.02  0.03  0.04 -0.04 -0.05 -0.03 -0.02  0.01 -0.03 -0.05
 -0.26 -0.34 -0.21 -0.18 -0.03 -0.2  -0.34  0.16  0.21  0.13  0.12  0.14
  0.22  0.01  0.01  0.02  0.01  0.01  0.01  0.04 -0.02  0.06  0.03 -0.05
 -0.03  0.02 -0.02 -0.01 -0.02  0.01  0.    0.    0.01 -0.   -0.    0.02
 -0.   -0.    0.03 -0.01 -0.    0.06  0.02  0.    0.06  0.06 -0.01 -0.01
  0.04  0.04 -0.05 -0.05 -0.36 -0.35  0.22  0.24]
orbital number 6
[-0.01 -0.02 -0.03 -0.02  0.05  0.05  0.08  0.05 -0.02  0.08  0.05  0.13
  0.18  0.11  0.11  0.11  0.18 -0.28 -0.36 -0.22 -0.18  0.03 -0.21 -0.35
  0.04  0.06  0.03  0.03  0.    0.03  0.05 -0.01 -0.02 -0.01 -0.01 -0.01
 -0.02  0.02  0.01  0.    0.    0.01  0.01 -0.02  0.   -0.03 -0.    0.01
  0.   -0.    0.    0.    0.    0.03  0.02  0.02  0.05 -0.02 -0.01 -0.
 -0.02 -0.03 -0.   -0.05 -0.03 -0.   -0.    0.01 -0.03 -0.03  0.09  0.08
  0.19  0.19 -0.38 -0.36  0.06  0.06 -0.02 -0.02]
orbital number 7
[ 0.06 -0.12 -0.34  0.16  0.05 -0.02 -0.11 -0.02 -0.    0.06  0.05 -0.
  0.    0.    0.    0.   -0.   -0.    0.    0.    0.    0.    0.    0.
 -0.   -0.   -0.    0.    0.    0.    0.   -0.   -0.   -0.    0.    0.
  0.    0.12  0.11  0.12  0.1   0.1   0.1  -0.01 -0.    0.31  0.    0.
  0.    0.    0.    0.    0.    0.    0.    0.    0.    0.    0.    0.
  0.    0.    0.    0.    0.    0.    0.    0.   -0.59  0.51 -0.18  0.1
  0.   -0.    0.    0.   -0.    0.01 -0.    0.01]
orbital number 8
[ 0.02  0.05  0.09 -0.04  0.02 -0.14 -0.34 -0.   -0.    0.33  0.16 -0.
  0.    0.    0.   -0.   -0.   -0.    0.    0.   -0.    0.   -0.   -0.
 -0.    0.    0.    0.    0.    0.   -0.   -0.    0.    0.    0.    0.
 -0.    0.05  0.04  0.04  0.04  0.04  0.04 -0.01 -0.   -0.11  0.    0.
  0.    0.    0.    0.    0.    0.    0.    0.    0.   -0.   -0.    0.
 -0.   -0.    0.   -0.   -0.    0.    0.    0.    0.15 -0.18 -0.58  0.55
  0.01 -0.01  0.   -0.    0.    0.    0.   -0.  ]
orbital number 9
[ 0.16  0.08  0.01 -0.    0.15  0.07 -0.01 -0.07 -0.02 -0.15  0.01 -0.
  0.01  0.01  0.01  0.   -0.   -0.    0.    0.    0.    0.    0.    0.
 -0.    0.    0.    0.01  0.    0.    0.01 -0.    0.    0.    0.01  0.
  0.    0.37  0.36  0.38  0.33  0.32  0.33 -0.08 -0.02 -0.17  0.    0.
  0.    0.    0.    0.    0.    0.    0.    0.    0.    0.    0.    0.
  0.    0.    0.    0.    0.    0.01  0.    0.    0.01 -0.29 -0.02 -0.24
  0.01 -0.    0.01  0.01  0.01  0.01  0.01  0.01]
orbital number 10
[ 0.    0.   -0.    0.    0.   -0.   -0.   -0.   -0.    0.    0.    0.
 -0.35 -0.15  0.    0.16  0.35 -0.    0.01  0.01  0.    0.   -0.01 -0.01
 -0.    0.    0.    0.    0.    0.    0.   -0.    0.    0.    0.    0.
  0.    0.    0.    0.01  0.    0.    0.   -0.   -0.   -0.    0.    0.
  0.    0.    0.    0.    0.    0.    0.    0.    0.   -0.   -0.    0.
 -0.   -0.    0.   -0.   -0.    0.    0.    0.   -0.   -0.   -0.01  0.
 -0.59  0.59  0.02 -0.02  0.    0.    0.    0.  ]
orbital number 11
[ 0.   -0.   -0.    0.    0.    0.   -0.   -0.   -0.   -0.    0.   -0.
 -0.   -0.    0.    0.    0.   -0.    0.    0.    0.    0.    0.   -0.
  0.   -0.03 -0.01 -0.   -0.    0.01  0.03  0.01  0.36  0.16  0.01 -0.15
 -0.34  0.    0.    0.    0.    0.    0.    0.    0.    0.    0.01 -0.
 -0.    0.01 -0.   -0.   -0.    0.    0.    0.    0.    0.    0.    0.01
  0.    0.    0.01  0.    0.    0.01  0.01  0.   -0.01  0.   -0.   -0.
 -0.    0.    0.    0.   -0.05  0.04  0.59 -0.59]
orbital number 12
[-0.    0.    0.   -0.   -0.   -0.    0.    0.    0.    0.   -0.    0.
  0.   -0.   -0.   -0.   -0.    0.   -0.   -0.   -0.   -0.    0.    0.
  0.   -0.35 -0.15  0.    0.    0.16  0.35 -0.   -0.03 -0.01 -0.    0.01
  0.03 -0.   -0.   -0.   -0.   -0.   -0.    0.    0.   -0.   -0.    0.
  0.   -0.    0.    0.    0.   -0.   -0.   -0.   -0.   -0.   -0.   -0.
 -0.   -0.   -0.   -0.   -0.   -0.   -0.   -0.    0.01 -0.    0.    0.
  0.   -0.   -0.    0.   -0.59  0.59 -0.05  0.04]
orbital number 13
[-0.   -0.    0.   -0.   -0.    0.    0.    0.   -0.   -0.   -0.   -0.
  0.01  0.01  0.   -0.   -0.01 -0.01  0.34  0.15 -0.01  0.   -0.16 -0.36
  0.   -0.   -0.   -0.   -0.    0.    0.    0.   -0.   -0.   -0.   -0.
 -0.   -0.   -0.   -0.   -0.   -0.   -0.    0.    0.    0.   -0.   -0.
 -0.   -0.   -0.   -0.   -0.    0.    0.    0.    0.   -0.   -0.   -0.
 -0.   -0.   -0.   -0.   -0.   -0.   -0.    0.    0.    0.    0.01 -0.
  0.02 -0.02  0.59 -0.6  -0.    0.   -0.   -0.  ]
orbital number 14
[-0.   -0.    0.   -0.    0.    0.    0.   -0.   -0.01  0.    0.   -0.06
 -0.06  0.06  0.18  0.06 -0.07 -0.    0.    0.    0.    0.4   0.    0.
  0.   -0.   -0.   -0.   -0.   -0.   -0.    0.    0.   -0.   -0.   -0.
  0.   -0.   -0.   -0.   -0.   -0.   -0.    0.    0.    0.   -0.   -0.
 -0.   -0.   -0.   -0.   -0.    0.4   0.37  0.37  0.43  0.    0.   -0.
  0.    0.   -0.    0.    0.   -0.   -0.    0.36  0.    0.    0.01  0.01
 -0.13 -0.13  0.    0.01 -0.   -0.    0.    0.  ]
orbital number 15
[-0.   -0.   -0.   -0.    0.    0.   -0.   -0.   -0.   -0.    0.    0.
  0.   -0.   -0.   -0.    0.   -0.    0.    0.    0.   -0.    0.    0.
  0.   -0.   -0.   -0.   -0.01 -0.   -0.    0.06  0.07 -0.05 -0.18 -0.06
  0.06  0.    0.    0.    0.    0.    0.    0.    0.01 -0.   -0.39 -0.01
 -0.01 -0.36 -0.01 -0.01 -0.01 -0.   -0.   -0.   -0.    0.    0.   -0.37
  0.    0.   -0.4   0.    0.   -0.43 -0.37 -0.   -0.01 -0.01 -0.   -0.
  0.    0.    0.    0.   -0.   -0.01  0.15  0.12]
orbital number 16
[ 0.    0.    0.    0.   -0.   -0.    0.    0.    0.    0.   -0.    0.
 -0.   -0.    0.   -0.   -0.    0.   -0.   -0.   -0.    0.   -0.   -0.
 -0.04 -0.04  0.04  0.12  0.4   0.04 -0.04 -0.    0.    0.   -0.    0.
  0.   -0.   -0.   -0.   -0.   -0.   -0.   -0.   -0.01  0.   -0.    0.41
  0.4  -0.    0.4   0.39  0.4   0.    0.    0.    0.   -0.   -0.   -0.
 -0.   -0.   -0.   -0.   -0.   -0.   -0.    0.    0.    0.    0.    0.
 -0.   -0.   -0.   -0.   -0.09 -0.09  0.01  0.  ]
orbital number 17
[ 0.    0.   -0.    0.   -0.   -0.   -0.    0.    0.01 -0.   -0.    0.
 -0.   -0.   -0.   -0.   -0.    0.04  0.03 -0.04 -0.12  0.   -0.04  0.04
 -0.    0.    0.   -0.   -0.    0.    0.   -0.    0.    0.    0.    0.
  0.    0.    0.    0.    0.    0.    0.   -0.   -0.   -0.   -0.   -0.
 -0.   -0.   -0.   -0.   -0.    0.    0.    0.    0.   -0.4  -0.4  -0.
 -0.4  -0.4  -0.   -0.41 -0.4  -0.   -0.    0.   -0.   -0.   -0.   -0.
 -0.   -0.    0.08  0.09  0.    0.    0.    0.  ]
orbital number 18
[-0.39 -0.24  0.01 -0.23  0.39  0.23 -0.01 -0.    0.   -0.01  0.23 -0.
 -0.   -0.    0.   -0.   -0.   -0.   -0.   -0.    0.   -0.   -0.   -0.
  0.    0.    0.   -0.    0.    0.    0.    0.    0.    0.   -0.    0.
  0.    0.27  0.   -0.26 -0.16  0.01  0.18  0.   -0.    0.01  0.    0.
  0.   -0.   -0.   -0.   -0.   -0.    0.    0.   -0.    0.    0.   -0.
  0.   -0.    0.   -0.   -0.    0.   -0.    0.    0.27  0.27 -0.26 -0.26
  0.    0.    0.    0.   -0.   -0.   -0.   -0.  ]
orbital number 19
[ 0.01  0.01  0.    0.01  0.    0.    0.    0.02  0.03  0.    0.    0.07
  0.03  0.35  0.5   0.35  0.03  0.02  0.    0.02  0.02 -0.04  0.02  0.
  0.    0.    0.    0.   -0.    0.    0.    0.    0.    0.    0.    0.
  0.   -0.   -0.    0.   -0.   -0.01 -0.01  0.    0.    0.   -0.    0.
 -0.   -0.   -0.   -0.   -0.   -0.04 -0.2  -0.2   0.13 -0.01 -0.01 -0.
 -0.01 -0.   -0.    0.   -0.    0.   -0.   -0.27 -0.01 -0.01 -0.02 -0.02
 -0.4  -0.4  -0.03 -0.03 -0.   -0.   -0.   -0.  ]
orbital number 20
[-0.   -0.   -0.   -0.   -0.01 -0.01 -0.   -0.   -0.   -0.   -0.01  0.
  0.    0.    0.01  0.    0.   -0.   -0.   -0.   -0.   -0.   -0.   -0.
 -0.02 -0.   -0.02 -0.03  0.   -0.02 -0.   -0.08 -0.03 -0.35 -0.5  -0.35
 -0.04 -0.    0.    0.    0.01  0.01  0.   -0.02 -0.04 -0.    0.04 -0.01
  0.    0.27  0.01  0.01  0.01 -0.   -0.   -0.    0.    0.    0.    0.2
  0.    0.    0.05 -0.    0.   -0.13  0.2  -0.    0.02  0.02  0.01  0.01
 -0.   -0.    0.    0.    0.04  0.04  0.4   0.39]
orbital number 21
[-0.02 -0.02 -0.01 -0.02 -0.03 -0.02 -0.   -0.01 -0.   -0.   -0.02 -0.
  0.    0.    0.    0.    0.   -0.   -0.   -0.01 -0.01 -0.   -0.01 -0.
 -0.1  -0.05 -0.37 -0.5   0.02 -0.37 -0.05 -0.01  0.    0.03  0.05  0.03
  0.   -0.    0.    0.01  0.02  0.02  0.01 -0.03 -0.05 -0.01 -0.   -0.1
  0.02 -0.03  0.14  0.19  0.14 -0.   -0.   -0.    0.    0.    0.   -0.02
  0.    0.   -0.   -0.    0.    0.01 -0.02 -0.    0.04  0.04  0.02  0.02
 -0.   -0.    0.01  0.01  0.42  0.42 -0.02 -0.02]
orbital number 22
[ 0.04  0.03  0.    0.03  0.03  0.03  0.01  0.03  0.05  0.01  0.03  0.02
 -0.   -0.03 -0.04 -0.03 -0.    0.1   0.05  0.37  0.5   0.    0.37  0.04
 -0.   -0.   -0.01 -0.02  0.   -0.01 -0.    0.   -0.   -0.   -0.   -0.
 -0.   -0.01 -0.    0.   -0.02 -0.04 -0.03  0.01  0.    0.    0.   -0.
  0.    0.    0.    0.01  0.    0.    0.02  0.02 -0.01 -0.13 -0.17  0.
 -0.13 -0.02  0.    0.09 -0.02 -0.    0.    0.02 -0.03 -0.03 -0.05 -0.05
  0.01  0.01 -0.42 -0.43  0.01  0.01  0.    0.  ]
orbital number 23
[ 0.31  0.24  0.04  0.24  0.32  0.25  0.04  0.08  0.03  0.04  0.25  0.01
  0.   -0.01 -0.02 -0.01  0.    0.   -0.01 -0.06 -0.08  0.   -0.06 -0.
  0.01 -0.   -0.04 -0.05  0.   -0.04 -0.    0.01  0.   -0.01 -0.02 -0.01
  0.   -0.01 -0.02 -0.01 -0.22 -0.31 -0.22  0.08  0.03  0.04  0.   -0.01
  0.    0.01  0.01  0.02  0.01  0.    0.01  0.01 -0.01  0.02  0.03  0.01
  0.02  0.    0.   -0.02  0.   -0.01  0.01  0.01 -0.27 -0.28 -0.29 -0.29
  0.    0.    0.05  0.05  0.03  0.03  0.    0.  ]
orbital number 24
[ 0.12 -0.   -0.11 -0.   -0.08  0.01  0.09  0.24  0.18  0.08  0.01  0.17
  0.05 -0.03 -0.09 -0.03  0.05  0.17  0.05 -0.05 -0.11 -0.02 -0.05  0.04
 -0.23 -0.06  0.07  0.15  0.02  0.07 -0.06 -0.23 -0.07  0.04  0.12  0.04
 -0.07 -0.16  0.02  0.18  0.12 -0.03 -0.16 -0.32 -0.24 -0.11  0.02  0.09
  0.02 -0.1  -0.06 -0.09 -0.06 -0.02  0.05  0.05 -0.07  0.04  0.06 -0.06
  0.04 -0.01  0.02 -0.06 -0.01  0.1  -0.06  0.08  0.22  0.22 -0.17 -0.17
 -0.1  -0.1  -0.08 -0.08  0.12  0.12  0.13  0.13]
orbital number 25
[ 0.12  0.04 -0.06  0.05  0.15  0.04 -0.09 -0.28 -0.24 -0.09  0.05 -0.25
 -0.08  0.04  0.13  0.04 -0.08 -0.25 -0.07  0.07  0.16  0.03  0.07 -0.07
 -0.19 -0.05  0.05  0.12  0.02  0.05 -0.05 -0.19 -0.06  0.03  0.1   0.03
 -0.06  0.1   0.13  0.05 -0.15 -0.23 -0.11 -0.2  -0.18 -0.06  0.02  0.07
  0.02 -0.09 -0.05 -0.08 -0.05  0.03 -0.08 -0.08  0.12 -0.06 -0.1  -0.05
 -0.06  0.03  0.02  0.09  0.03  0.09 -0.05 -0.13  0.11  0.11  0.16  0.16
  0.15  0.15  0.12  0.12  0.1   0.1   0.11  0.11]
orbital number 26
[ 0.01 -0.04 -0.05 -0.03  0.02 -0.09 -0.11 -0.19  0.03 -0.1  -0.07  0.22
  0.1   0.03 -0.07  0.03  0.1   0.09  0.04 -0.01 -0.04 -0.1  -0.01  0.03
  0.05  0.02 -0.   -0.02 -0.02 -0.    0.02  0.09  0.04  0.01 -0.03  0.01
  0.04  0.28  0.38  0.11 -0.28 -0.39 -0.11 -0.08  0.02 -0.04 -0.04 -0.05
 -0.02  0.09  0.02  0.05  0.02 -0.1   0.12  0.12 -0.23  0.04  0.08  0.05
  0.04 -0.04 -0.04 -0.08 -0.03 -0.09  0.05  0.23  0.07  0.07  0.17  0.16
 -0.16 -0.16 -0.05 -0.05 -0.03 -0.03 -0.06 -0.06]
orbital number 27
[ 0.02 -0.1  -0.12 -0.09 -0.01  0.05  0.06  0.12 -0.02  0.06  0.05 -0.14
 -0.06 -0.02  0.04 -0.02 -0.06 -0.05 -0.02  0.    0.03  0.06  0.   -0.02
  0.12  0.05 -0.   -0.06 -0.06 -0.    0.05  0.24  0.1   0.03 -0.08  0.03
  0.11 -0.17  0.13  0.3   0.17 -0.13 -0.3  -0.21  0.04 -0.11 -0.11 -0.13
 -0.06  0.24  0.07  0.12  0.06  0.07 -0.08 -0.08  0.15 -0.03 -0.05  0.13
 -0.03  0.02 -0.11  0.05  0.02 -0.24  0.13 -0.15  0.19  0.19 -0.1  -0.1
  0.1   0.1   0.03  0.03 -0.08 -0.08 -0.17 -0.17]
orbital number 28
[ 0.01  0.03  0.02  0.02  0.01  0.   -0.   -0.01 -0.   -0.    0.    0.02
  0.01  0.01 -0.    0.01  0.01 -0.02 -0.01 -0.    0.01 -0.02 -0.   -0.01
 -0.26 -0.12 -0.03  0.09  0.2  -0.03 -0.12  0.2   0.1   0.05 -0.04  0.06
  0.1   0.   -0.06 -0.06 -0.01  0.06  0.06  0.03 -0.02  0.02 -0.13  0.4
  0.18  0.27 -0.21 -0.39 -0.19 -0.02  0.02  0.02 -0.03 -0.01 -0.03  0.14
 -0.01  0.01 -0.13  0.03  0.01 -0.27  0.14  0.03 -0.03 -0.03  0.01  0.01
 -0.02 -0.02  0.01  0.01  0.18  0.18 -0.16 -0.16]
orbital number 29
[-0.01  0.    0.01  0.01 -0.01 -0.04 -0.03 -0.03  0.03 -0.03 -0.04 -0.16
 -0.09 -0.06  0.03 -0.06 -0.09  0.27  0.13  0.03 -0.1   0.12  0.02  0.12
 -0.03 -0.01 -0.01  0.01  0.03 -0.   -0.01  0.01  0.    0.   -0.    0.
  0.    0.1   0.07 -0.02 -0.09 -0.07  0.03  0.02 -0.    0.01 -0.    0.05
  0.02  0.01 -0.03 -0.05 -0.02  0.12 -0.12 -0.13  0.25  0.21  0.4   0.
  0.2  -0.2  -0.   -0.41 -0.19 -0.01  0.   -0.25 -0.02 -0.02  0.04  0.04
  0.13  0.13 -0.19 -0.18  0.02  0.02 -0.   -0.  ]
orbital number 30
[-0.    0.    0.    0.   -0.   -0.   -0.   -0.    0.   -0.   -0.   -0.
  0.    0.    0.   -0.01 -0.    0.    0.    0.   -0.   -0.5   0.    0.
 -0.   -0.   -0.    0.    0.   -0.   -0.   -0.   -0.   -0.    0.   -0.
 -0.    0.    0.   -0.   -0.   -0.    0.    0.    0.    0.    0.    0.
  0.   -0.   -0.   -0.   -0.    0.5  -0.5   0.5   0.    0.    0.   -0.
  0.   -0.    0.   -0.   -0.    0.   -0.   -0.   -0.   -0.    0.    0.
 -0.    0.   -0.   -0.    0.    0.    0.    0.  ]
orbital number 31
[-0.   -0.   -0.   -0.   -0.    0.    0.    0.   -0.    0.    0.    0.
  0.    0.   -0.    0.    0.   -0.   -0.   -0.    0.   -0.   -0.   -0.
  0.01  0.    0.   -0.    0.5  -0.    0.   -0.   -0.   -0.    0.   -0.
 -0.   -0.    0.    0.    0.   -0.   -0.   -0.    0.   -0.    0.   -0.01
 -0.5  -0.01 -0.5   0.    0.5  -0.    0.    0.   -0.   -0.   -0.   -0.
 -0.    0.    0.    0.    0.    0.01 -0.    0.    0.    0.   -0.   -0.
 -0.   -0.    0.    0.   -0.01 -0.    0.    0.  ]
orbital number 32
[-0.   -0.   -0.   -0.   -0.    0.    0.    0.   -0.    0.    0.    0.
  0.    0.   -0.    0.    0.   -0.   -0.   -0.    0.   -0.   -0.   -0.
 -0.   -0.   -0.    0.    0.   -0.   -0.    0.    0.    0.01 -0.   -0.
 -0.   -0.    0.    0.    0.   -0.   -0.   -0.    0.   -0.   -0.5   0.
  0.   -0.   -0.   -0.   -0.   -0.    0.    0.   -0.   -0.   -0.    0.5
 -0.    0.    0.5   0.    0.   -0.   -0.5   0.    0.    0.   -0.   -0.
 -0.   -0.    0.    0.    0.    0.   -0.01  0.  ]
orbital number 33
[-0.   -0.    0.    0.   -0.   -0.   -0.   -0.    0.   -0.   -0.   -0.
 -0.   -0.    0.   -0.   -0.    0.    0.   -0.   -0.    0.    0.    0.
 -0.   -0.   -0.    0.    0.   -0.   -0.   -0.   -0.   -0.    0.   -0.
 -0.    0.    0.   -0.   -0.   -0.    0.    0.    0.    0.    0.    0.
  0.   -0.   -0.   -0.   -0.    0.   -0.   -0.    0.   -0.5   0.01 -0.
  0.5   0.5   0.   -0.01 -0.5   0.   -0.   -0.   -0.   -0.    0.    0.
  0.    0.   -0.   -0.    0.    0.    0.    0.  ]
orbital number 34
[-0.12 -0.09  0.03 -0.08 -0.13 -0.11  0.03  0.15  0.12  0.03 -0.1   0.05
 -0.01 -0.09 -0.08 -0.09 -0.01  0.15  0.03 -0.1  -0.13  0.12 -0.1   0.03
  0.12  0.02 -0.09 -0.11  0.12 -0.09  0.02  0.03 -0.01 -0.07 -0.06 -0.07
 -0.01  0.14  0.29  0.11 -0.1  -0.2  -0.07  0.14  0.1   0.03  0.1   0.21
  0.12 -0.17 -0.09 -0.2  -0.09  0.12 -0.09 -0.09  0.2  -0.12 -0.25 -0.08
 -0.12  0.14  0.1   0.25  0.15  0.17 -0.08 -0.2  -0.03 -0.03 -0.03 -0.03
  0.02  0.02 -0.03 -0.03 -0.02 -0.02  0.02  0.02]
orbital number 35
[-0.09 -0.1  -0.01 -0.1   0.06  0.08  0.01 -0.04 -0.1   0.01  0.08 -0.08
 -0.01  0.08  0.08  0.08 -0.01 -0.18 -0.05  0.1   0.14 -0.1   0.1  -0.05
  0.21  0.06 -0.12 -0.17  0.14 -0.12  0.06  0.08  0.   -0.09 -0.09 -0.09
  0.   -0.18  0.03  0.2   0.21 -0.02 -0.23  0.06  0.12 -0.01  0.12  0.24
  0.14 -0.19 -0.1  -0.23 -0.11 -0.1   0.07  0.07 -0.16  0.09  0.2  -0.09
  0.09 -0.12  0.11 -0.2  -0.12  0.19 -0.09  0.16  0.02  0.02 -0.02 -0.03
 -0.    0.    0.05  0.05 -0.06 -0.06  0.01  0.01]
orbital number 36
[ 0.18  0.1  -0.1   0.1   0.21  0.13 -0.11 -0.32 -0.   -0.12  0.1  -0.04
 -0.02  0.01  0.02  0.02 -0.01  0.33  0.13 -0.09 -0.21 -0.01 -0.12  0.12
  0.28  0.11 -0.09 -0.18  0.07 -0.09  0.1  -0.01 -0.01  0.    0.01  0.01
 -0.   -0.1  -0.24 -0.08  0.06  0.12  0.03 -0.28 -0.   -0.1  -0.01  0.1
  0.08  0.01 -0.04 -0.1  -0.04 -0.01  0.01  0.01 -0.02 -0.05 -0.12  0.
 -0.05  0.08 -0.01  0.11  0.08 -0.01  0.    0.02  0.11  0.11  0.12  0.13
  0.02  0.01 -0.14 -0.13 -0.11 -0.11  0.01  0.  ]
orbital number 37
[ 0.1   0.05 -0.06  0.08 -0.03 -0.03  0.    0.03  0.02  0.01 -0.02  0.34
  0.12 -0.13 -0.23 -0.14  0.12 -0.28 -0.11  0.08  0.18  0.13  0.09 -0.11
  0.27  0.11 -0.08 -0.18  0.07 -0.09  0.1  -0.21 -0.07  0.09  0.14  0.09
 -0.07  0.05 -0.04 -0.08 -0.08  0.02  0.09 -0.14 -0.02 -0.03 -0.08  0.09
  0.07  0.12 -0.04 -0.09 -0.04  0.13 -0.07 -0.07  0.17  0.04  0.09  0.04
  0.04 -0.07 -0.08 -0.09 -0.07 -0.11  0.04 -0.18  0.06  0.03 -0.   -0.01
 -0.13 -0.12  0.12  0.11 -0.11 -0.11  0.07  0.07]
orbital number 38
[-0.06 -0.05  0.02 -0.   -0.13 -0.06  0.08  0.19 -0.01  0.07 -0.08 -0.31
 -0.11  0.12  0.21  0.12 -0.11  0.07  0.02 -0.03 -0.04 -0.11 -0.02  0.03
  0.19  0.07 -0.07 -0.12  0.05 -0.05  0.08 -0.38 -0.13  0.16  0.26  0.14
 -0.14  0.07  0.11  0.01 -0.06 -0.05  0.03  0.1  -0.02  0.06 -0.15  0.06
  0.05  0.2  -0.02 -0.06 -0.02 -0.11  0.06  0.06 -0.15 -0.01 -0.02  0.08
 -0.01  0.02 -0.15  0.02  0.02 -0.19  0.08  0.16 -0.02 -0.06 -0.08 -0.07
  0.11  0.11 -0.02 -0.03 -0.07 -0.08  0.13  0.14]
orbital number 39
[-0.06  0.46  0.35 -0.53  0.04 -0.07 -0.08 -0.06 -0.    0.04  0.12  0.04
  0.01 -0.01 -0.02 -0.01  0.01  0.02  0.01  0.   -0.01  0.01 -0.01  0.
 -0.   -0.   -0.    0.   -0.    0.    0.   -0.08 -0.02  0.04  0.06  0.02
 -0.04 -0.04  0.02  0.05  0.06 -0.01 -0.07  0.08  0.   -0.3  -0.03 -0.
 -0.    0.04  0.    0.    0.    0.01 -0.01 -0.01  0.02 -0.   -0.01  0.02
 -0.    0.   -0.03  0.    0.   -0.04  0.02 -0.02 -0.35  0.3   0.08 -0.04
 -0.01 -0.01 -0.01 -0.    0.   -0.    0.02  0.04]
orbital number 40
[ 0.05  0.15  0.05 -0.09 -0.05  0.46  0.34  0.07  0.   -0.3  -0.53 -0.03
 -0.01  0.01  0.02  0.01 -0.01 -0.03 -0.02 -0.    0.02 -0.01  0.02 -0.01
  0.02  0.01  0.   -0.01  0.   -0.01  0.    0.05  0.01 -0.02 -0.03 -0.01
  0.02  0.05  0.01 -0.04 -0.06 -0.01  0.06 -0.07 -0.   -0.1   0.02  0.01
  0.   -0.02 -0.   -0.01 -0.   -0.01  0.01  0.01 -0.01  0.    0.01 -0.01
  0.   -0.01  0.02 -0.01 -0.01  0.02 -0.01  0.01 -0.05  0.1  -0.34  0.3
  0.01  0.01  0.02  0.01 -0.01 -0.   -0.01 -0.02]
orbital number 41
[-0.22 -0.24  0.04 -0.05  0.19  0.26 -0.   -0.27 -0.01 -0.18 -0.01  0.17
  0.05 -0.08 -0.11 -0.05  0.07  0.08  0.06  0.01 -0.05  0.06 -0.06  0.01
 -0.09 -0.07 -0.02  0.06 -0.02  0.07 -0.01 -0.21 -0.06  0.12  0.14  0.05
 -0.1  -0.18  0.02  0.2   0.26 -0.01 -0.27  0.32  0.01  0.17 -0.08 -0.03
 -0.02  0.1   0.01  0.03  0.01  0.06 -0.03 -0.03  0.07 -0.01 -0.02  0.04
 -0.01  0.02 -0.08  0.02  0.02 -0.1   0.04 -0.08 -0.04 -0.17  0.    0.18
 -0.05 -0.07 -0.05 -0.01  0.07  0.01  0.06  0.1 ]
orbital number 42
[ 0.02  0.02 -0.01  0.01 -0.01 -0.01  0.    0.02  0.    0.01 -0.   -0.01
 -0.    0.01  0.01 -0.   -0.01 -0.01 -0.01 -0.01  0.   -0.    0.01  0.
  0.01 -0.34 -0.52 -0.    0.    0.52  0.34  0.02  0.01 -0.01 -0.02 -0.01
  0.01  0.01 -0.01 -0.02 -0.02  0.    0.02 -0.03 -0.   -0.02  0.01  0.
 -0.   -0.01 -0.   -0.    0.   -0.    0.    0.   -0.    0.    0.   -0.
  0.   -0.    0.01 -0.   -0.    0.01 -0.    0.    0.01  0.02 -0.   -0.01
  0.    0.01  0.01 -0.    0.33 -0.34 -0.01 -0.01]
orbital number 43
[-0.01 -0.01  0.   -0.    0.01  0.01 -0.   -0.01 -0.   -0.01  0.    0.
  0.34  0.52 -0.   -0.52 -0.34  0.01 -0.02 -0.04 -0.01  0.    0.03  0.03
 -0.    0.    0.    0.   -0.   -0.   -0.   -0.    0.    0.01  0.   -0.
 -0.   -0.01 -0.    0.01  0.01  0.   -0.01  0.01  0.    0.   -0.   -0.
 -0.    0.    0.    0.    0.   -0.    0.01 -0.01 -0.   -0.   -0.    0.
 -0.    0.   -0.    0.    0.   -0.    0.   -0.   -0.   -0.    0.    0.01
 -0.34  0.34  0.02 -0.03 -0.    0.   -0.    0.  ]
orbital number 44
[-0.01 -0.01  0.   -0.01  0.02  0.01 -0.01 -0.03  0.   -0.01  0.01  0.01
 -0.02 -0.04 -0.01  0.03  0.03  0.02 -0.33 -0.52 -0.01  0.    0.51  0.35
 -0.01  0.    0.01  0.   -0.   -0.   -0.01 -0.01  0.    0.02  0.01 -0.01
 -0.01 -0.02 -0.    0.01  0.02  0.   -0.02  0.02  0.    0.01 -0.   -0.
 -0.    0.    0.    0.    0.    0.   -0.   -0.    0.    0.   -0.    0.
 -0.    0.   -0.    0.    0.   -0.    0.   -0.   -0.   -0.01  0.01  0.01
  0.02 -0.03  0.33 -0.34 -0.    0.01 -0.    0.01]
orbital number 45
[-0.02 -0.01  0.01 -0.01  0.01  0.01 -0.   -0.01 -0.   -0.01  0.    0.01
  0.    0.   -0.   -0.01  0.    0.01 -0.   -0.01 -0.    0.    0.01  0.01
 -0.   -0.   -0.    0.   -0.    0.   -0.   -0.03 -0.35 -0.51  0.01  0.53
  0.33 -0.01  0.01  0.01  0.02 -0.   -0.02  0.03 -0.    0.01 -0.01 -0.
 -0.    0.01  0.    0.    0.    0.   -0.   -0.    0.   -0.   -0.    0.01
 -0.    0.   -0.    0.    0.   -0.01 -0.   -0.   -0.01 -0.01  0.    0.01
 -0.   -0.    0.   -0.01  0.    0.    0.35 -0.32]
orbital number 46
[ 0.    0.   -0.    0.    0.12 -0.   -0.15 -0.04  0.88 -0.15 -0.01 -0.04
 -0.14 -0.    0.11 -0.   -0.14 -0.05 -0.16 -0.    0.12 -0.02 -0.   -0.16
  0.   -0.   -0.    0.   -0.   -0.   -0.    0.   -0.   -0.    0.   -0.
 -0.    0.   -0.03 -0.    0.03 -0.   -0.03 -0.    0.   -0.   -0.    0.
 -0.    0.   -0.    0.   -0.   -0.02 -0.   -0.    0.   -0.    0.02 -0.
 -0.   -0.02 -0.    0.   -0.02  0.   -0.    0.02  0.    0.    0.08  0.08
  0.07  0.07  0.08  0.08  0.    0.    0.    0.  ]
orbital number 47
[-0.12  0.    0.15  0.01 -0.   -0.    0.    0.   -0.    0.   -0.   -0.
  0.    0.   -0.    0.    0.   -0.    0.    0.   -0.    0.    0.    0.
  0.05  0.16  0.   -0.13  0.02  0.    0.16  0.04  0.13  0.   -0.11  0.
  0.13  0.    0.03 -0.    0.03  0.   -0.03  0.04 -0.88  0.15  0.02 -0.
  0.02 -0.02  0.   -0.02  0.    0.    0.    0.   -0.    0.   -0.    0.
  0.    0.    0.02 -0.    0.   -0.    0.   -0.   -0.08 -0.08 -0.   -0.
 -0.   -0.   -0.   -0.   -0.08 -0.08 -0.07 -0.07]
orbital number 48
[ 0.25 -0.2  -0.09 -0.2  -0.22  0.18  0.08 -0.22  0.03  0.09  0.18  0.08
 -0.04 -0.05  0.08 -0.05 -0.04  0.05 -0.03 -0.03  0.05 -0.04 -0.03 -0.03
 -0.07  0.04  0.04 -0.07  0.03  0.04  0.04 -0.09  0.05  0.05 -0.09  0.05
  0.05 -0.29 -0.03  0.31 -0.38 -0.01  0.39  0.25 -0.04 -0.1   0.05 -0.03
  0.03 -0.07  0.01 -0.04  0.01 -0.04 -0.02 -0.02  0.06 -0.01  0.03  0.02
 -0.01 -0.02  0.05  0.03 -0.02 -0.06  0.02  0.06  0.04  0.04 -0.03 -0.04
  0.02  0.02  0.01  0.01 -0.02 -0.02 -0.02 -0.02]
orbital number 49
[ 0.18 -0.11 -0.08 -0.12  0.2  -0.13 -0.09  0.19  0.   -0.09 -0.14 -0.22
  0.1   0.15 -0.22  0.15  0.1   0.   -0.   -0.    0.    0.15 -0.   -0.
  0.   -0.    0.    0.   -0.   -0.    0.   -0.2   0.09  0.14 -0.21  0.14
  0.09  0.15 -0.31  0.12  0.09 -0.2   0.06  0.17 -0.   -0.07  0.14  0.
 -0.   -0.2  -0.    0.   -0.    0.15  0.09  0.09 -0.21 -0.    0.    0.08
 -0.   -0.    0.14  0.   -0.   -0.19  0.08 -0.22  0.03  0.03  0.04  0.03
 -0.04 -0.04  0.    0.    0.   -0.   -0.04 -0.04]
orbital number 50
[-0.06  0.05  0.01  0.05  0.   -0.01  0.01  0.   -0.03  0.01 -0.01  0.19
 -0.08 -0.14  0.2  -0.14 -0.08 -0.1   0.05  0.06 -0.1  -0.14  0.06  0.05
  0.17 -0.09 -0.1   0.18 -0.09 -0.1  -0.09 -0.25  0.11  0.19 -0.26  0.19
  0.11  0.04  0.05 -0.08  0.06  0.03 -0.08 -0.05  0.03  0.01  0.19  0.14
 -0.09 -0.27 -0.06  0.14 -0.06 -0.14 -0.09 -0.09  0.21  0.03 -0.07  0.11
  0.03  0.05  0.18 -0.07  0.05 -0.27  0.11  0.21 -0.01 -0.01 -0.   -0.
  0.03  0.03 -0.02 -0.02  0.04  0.04 -0.04 -0.04]
orbital number 51
[-0.15  0.1   0.06  0.1  -0.18  0.13  0.07 -0.17  0.04  0.06  0.13 -0.17
  0.07  0.13 -0.18  0.13  0.07  0.2  -0.11 -0.12  0.21  0.13 -0.12 -0.11
  0.15 -0.08 -0.09  0.16 -0.09 -0.1  -0.08 -0.08  0.03  0.06 -0.09  0.06
  0.03 -0.16  0.31 -0.11 -0.12  0.2  -0.05 -0.14  0.02  0.06  0.07  0.13
 -0.09 -0.1  -0.05  0.13 -0.05  0.13  0.08  0.08 -0.19 -0.06  0.15  0.04
 -0.06 -0.1   0.06  0.15 -0.1  -0.1   0.04 -0.2  -0.03 -0.02 -0.03 -0.03
 -0.03 -0.03  0.04  0.04  0.03  0.03 -0.01 -0.01]
orbital number 52
[ 0.06 -0.08  0.01 -0.07  0.01  0.01 -0.02  0.02  0.04 -0.01  0.   -0.03
  0.    0.03 -0.03  0.03  0.   -0.1   0.04  0.08 -0.11  0.04  0.08  0.04
  0.22 -0.07 -0.18  0.24 -0.22 -0.18 -0.07  0.08 -0.01 -0.09  0.1  -0.09
 -0.01 -0.05 -0.12  0.16 -0.07 -0.1   0.16  0.05 -0.11  0.01 -0.11  0.38
 -0.22  0.19 -0.17  0.37 -0.17  0.04  0.03  0.03 -0.06  0.07 -0.15 -0.08
  0.07  0.09 -0.11 -0.15  0.09  0.19 -0.08 -0.06 -0.   -0.    0.01  0.
 -0.   -0.   -0.02 -0.02  0.03  0.03  0.01  0.01]
orbital number 53
[-0.05  0.04  0.02  0.05 -0.07  0.08  0.   -0.06  0.11 -0.01  0.08 -0.06
  0.    0.08 -0.08  0.08  0.   -0.21  0.07  0.17 -0.24  0.1   0.17  0.08
 -0.06  0.02  0.05 -0.07  0.07  0.05  0.02 -0.02  0.    0.03 -0.03  0.03
  0.   -0.16  0.23 -0.06 -0.14  0.19 -0.04 -0.04  0.04  0.    0.04 -0.12
  0.07 -0.06  0.06 -0.12  0.06  0.1   0.08  0.08 -0.17  0.17 -0.38  0.03
  0.17  0.22  0.04 -0.38  0.22 -0.06  0.03 -0.18 -0.01 -0.   -0.   -0.
 -0.   -0.   -0.03 -0.03 -0.01 -0.01 -0.   -0.  ]
orbital number 54
[ 0.    0.   -0.   -0.    0.   -0.    0.    0.   -0.   -0.    0.   -0.
  0.   -0.    0.   -0.    0.   -0.    0.   -0.   -0.   -0.   -0.    0.
 -0.   -0.01  0.01 -0.    0.5  -0.01  0.01  0.    0.   -0.   -0.    0.
 -0.   -0.    0.   -0.   -0.    0.   -0.    0.    0.    0.    0.    0.
 -0.5  -0.    0.5  -0.   -0.5  -0.   -0.   -0.    0.   -0.    0.    0.
 -0.   -0.    0.    0.   -0.   -0.    0.    0.    0.   -0.   -0.    0.
 -0.   -0.   -0.   -0.    0.   -0.   -0.    0.  ]
orbital number 55
[ 0.   -0.    0.    0.    0.    0.   -0.    0.    0.   -0.   -0.    0.
 -0.    0.    0.    0.    0.   -0.    0.01 -0.01 -0.    0.    0.01 -0.01
 -0.    0.   -0.   -0.   -0.   -0.    0.   -0.    0.   -0.    0.   -0.
  0.   -0.    0.    0.   -0.    0.   -0.    0.   -0.   -0.   -0.    0.
 -0.    0.   -0.    0.   -0.    0.    0.    0.   -0.    0.5   0.   -0.
 -0.5   0.5  -0.   -0.   -0.5   0.   -0.   -0.   -0.    0.    0.    0.
  0.   -0.   -0.    0.   -0.   -0.   -0.   -0.  ]
orbital number 56
[-0.    0.   -0.   -0.   -0.   -0.    0.    0.   -0.    0.   -0.    0.
 -0.03  0.03  0.   -0.03  0.03 -0.    0.    0.   -0.   -0.5  -0.    0.
  0.   -0.    0.    0.    0.    0.   -0.    0.   -0.    0.    0.    0.
 -0.    0.   -0.   -0.    0.   -0.    0.   -0.    0.    0.    0.   -0.
  0.   -0.    0.   -0.    0.    0.5   0.5  -0.5   0.   -0.    0.    0.
  0.   -0.    0.    0.    0.   -0.    0.    0.    0.   -0.   -0.   -0.
  0.01 -0.01  0.   -0.    0.    0.    0.    0.  ]
orbital number 57
[-0.   -0.    0.   -0.   -0.    0.   -0.   -0.    0.    0.   -0.    0.
 -0.    0.    0.    0.   -0.    0.   -0.    0.    0.    0.    0.   -0.
 -0.    0.   -0.   -0.   -0.   -0.    0.    0.    0.04 -0.03  0.    0.03
 -0.04  0.   -0.    0.    0.   -0.    0.   -0.   -0.    0.    0.5   0.
 -0.    0.   -0.    0.   -0.    0.    0.    0.   -0.    0.   -0.    0.5
  0.    0.   -0.5  -0.    0.   -0.   -0.5  -0.   -0.   -0.    0.   -0.
  0.    0.    0.    0.   -0.   -0.   -0.01  0.01]
orbital number 58
[ 0.02 -0.12  0.12  0.1   0.02 -0.44  0.49  0.01 -0.   -0.5   0.43 -0.
 -0.01  0.01 -0.   -0.01  0.01 -0.    0.    0.   -0.   -0.   -0.    0.01
 -0.01  0.01  0.   -0.01 -0.01  0.    0.   -0.    0.   -0.   -0.    0.
 -0.   -0.    0.   -0.01 -0.01  0.02 -0.01  0.02 -0.   -0.14 -0.    0.01
 -0.01  0.   -0.01  0.01 -0.01 -0.   -0.   -0.    0.   -0.    0.01 -0.
 -0.   -0.   -0.    0.01 -0.    0.   -0.    0.   -0.04  0.05 -0.18  0.18
  0.   -0.    0.   -0.   -0.   -0.   -0.    0.  ]
orbital number 59
[-0.01  0.44 -0.49 -0.43 -0.02 -0.11  0.14 -0.02  0.   -0.12  0.12  0.
 -0.01  0.    0.   -0.    0.    0.01 -0.01 -0.    0.01  0.   -0.   -0.
  0.   -0.    0.    0.    0.   -0.    0.    0.   -0.01  0.01  0.   -0.01
  0.01  0.01 -0.    0.    0.01 -0.01  0.01 -0.    0.    0.49  0.   -0.
  0.   -0.    0.   -0.    0.    0.    0.    0.   -0.    0.01 -0.01  0.
  0.01  0.01 -0.   -0.01  0.01 -0.   -0.   -0.    0.18 -0.18 -0.05  0.04
  0.   -0.    0.    0.    0.   -0.    0.   -0.  ]
orbital number 60
[ 0.    0.   -0.   -0.    0.   -0.01  0.01 -0.    0.   -0.01  0.01 -0.
  0.51 -0.45 -0.    0.45 -0.51  0.   -0.03  0.02 -0.   -0.03 -0.02  0.03
 -0.    0.   -0.   -0.   -0.    0.    0.   -0.   -0.    0.   -0.   -0.
  0.   -0.    0.   -0.   -0.    0.   -0.    0.   -0.    0.   -0.    0.
 -0.    0.   -0.    0.   -0.    0.03  0.03 -0.03 -0.    0.    0.   -0.
 -0.    0.   -0.    0.   -0.    0.   -0.    0.    0.   -0.   -0.    0.
 -0.18  0.18  0.01 -0.01 -0.   -0.    0.   -0.  ]
orbital number 61
[ 0.   -0.    0.    0.    0.    0.   -0.    0.   -0.    0.   -0.   -0.
 -0.    0.   -0.   -0.    0.   -0.    0.   -0.   -0.   -0.    0.    0.
 -0.    0.41 -0.37 -0.    0.01  0.37 -0.41 -0.   -0.3   0.27 -0.   -0.27
  0.3  -0.    0.   -0.   -0.    0.   -0.    0.    0.   -0.    0.02  0.
 -0.01 -0.    0.01  0.   -0.01 -0.   -0.   -0.    0.   -0.    0.    0.02
 -0.   -0.   -0.02  0.   -0.   -0.   -0.02  0.   -0.    0.    0.   -0.
  0.   -0.   -0.   -0.   -0.15  0.15  0.11 -0.11]
orbital number 62
[-0.    0.01 -0.01 -0.01 -0.    0.    0.   -0.    0.    0.    0.    0.
 -0.    0.    0.    0.   -0.    0.   -0.    0.    0.    0.   -0.   -0.
 -0.    0.3  -0.27 -0.    0.01  0.27 -0.3   0.    0.41 -0.37  0.    0.37
 -0.41  0.    0.   -0.    0.   -0.   -0.    0.    0.    0.01 -0.03  0.
 -0.01 -0.    0.01  0.   -0.01  0.    0.    0.   -0.    0.   -0.   -0.03
  0.    0.    0.03 -0.    0.   -0.    0.03 -0.    0.   -0.   -0.   -0.
  0.    0.    0.    0.   -0.11  0.11 -0.15  0.15]
orbital number 63
[ 0.    0.   -0.   -0.    0.   -0.    0.    0.    0.   -0.01  0.    0.
  0.03 -0.02  0.    0.02 -0.03 -0.01  0.51 -0.45 -0.   -0.    0.45 -0.51
 -0.    0.    0.   -0.   -0.    0.    0.   -0.    0.   -0.   -0.    0.
 -0.   -0.    0.   -0.   -0.    0.   -0.    0.   -0.    0.   -0.    0.
 -0.    0.   -0.    0.   -0.    0.    0.   -0.   -0.   -0.01  0.   -0.
  0.01 -0.01 -0.    0.    0.01  0.   -0.   -0.    0.   -0.   -0.    0.
 -0.01  0.01 -0.18  0.18 -0.   -0.   -0.    0.  ]
orbital number 64
[-0.18  0.04  0.13  0.08 -0.2   0.05  0.14 -0.19 -0.01  0.1   0.09 -0.01
  0.01  0.   -0.01  0.    0.01  0.21 -0.12 -0.09  0.22 -0.01 -0.08 -0.13
  0.17 -0.1  -0.06  0.17  0.07 -0.06 -0.1   0.    0.   -0.    0.    0.
 -0.    0.15 -0.24  0.12  0.22 -0.37  0.2  -0.17  0.    0.08  0.   -0.19
  0.07 -0.    0.1  -0.19  0.1  -0.01 -0.01 -0.01  0.01  0.13 -0.23  0.
  0.12  0.09  0.   -0.23  0.09 -0.    0.    0.01 -0.05 -0.03 -0.05 -0.03
 -0.   -0.    0.04  0.05  0.04  0.04 -0.    0.  ]
orbital number 65
[ 0.07 -0.01 -0.06 -0.01 -0.01 -0.01  0.02 -0.02 -0.04  0.03 -0.02 -0.11
  0.08  0.02 -0.11  0.02  0.08  0.26 -0.14 -0.11  0.28 -0.06 -0.11 -0.15
 -0.26  0.15  0.11 -0.28 -0.09  0.11  0.15  0.08 -0.06 -0.01  0.07 -0.01
 -0.06  0.07  0.03 -0.11  0.05  0.05 -0.11  0.08  0.04 -0.06  0.04  0.25
 -0.09 -0.11 -0.14  0.25 -0.14 -0.06 -0.09 -0.09  0.15  0.14 -0.24  0.06
  0.14  0.09  0.04 -0.24  0.09 -0.11  0.06  0.15  0.02  0.02 -0.01 -0.01
 -0.03 -0.03  0.05  0.05 -0.05 -0.05  0.02  0.02]
orbital number 66
[ 0.14 -0.05 -0.07 -0.07  0.17 -0.06 -0.09  0.15 -0.04 -0.08 -0.07 -0.18
  0.12  0.05 -0.18  0.04  0.12  0.13 -0.07 -0.06  0.14 -0.08 -0.06 -0.07
  0.18 -0.1  -0.08  0.2   0.05 -0.08 -0.1  -0.17  0.12  0.04 -0.17  0.04
  0.12 -0.1   0.13 -0.05 -0.16  0.23 -0.12  0.12 -0.05 -0.05 -0.08 -0.16
  0.05  0.22  0.09 -0.16  0.09 -0.08 -0.13 -0.13  0.22  0.06 -0.11 -0.13
  0.06  0.04 -0.08 -0.11  0.04  0.22 -0.13  0.22  0.03  0.02  0.03  0.03
 -0.04 -0.04  0.02  0.03  0.04  0.04 -0.04 -0.04]
orbital number 67
[ 0.15 -0.03 -0.11 -0.02 -0.13  0.02  0.1  -0.14 -0.04  0.11  0.01  0.22
 -0.13 -0.08  0.24 -0.08 -0.13  0.08 -0.04 -0.04  0.09  0.06 -0.04 -0.04
 -0.07  0.03  0.04 -0.08 -0.01  0.04  0.03 -0.24  0.15  0.08 -0.25  0.08
  0.15  0.2   0.01 -0.21  0.16  0.02 -0.18  0.16  0.03 -0.12 -0.07  0.05
 -0.01  0.25 -0.03  0.05 -0.03  0.06  0.13  0.13 -0.21  0.03 -0.05 -0.15
  0.03  0.02 -0.07 -0.05  0.02  0.24 -0.15 -0.23  0.04  0.04 -0.03 -0.04
  0.05  0.05  0.01  0.01 -0.01 -0.01 -0.05 -0.05]
orbital number 68
[-0.16  0.09  0.04  0.09 -0.19  0.1   0.06 -0.14  0.15  0.05  0.1  -0.23
  0.11  0.11 -0.26  0.11  0.11 -0.17  0.07  0.11 -0.21 -0.04  0.11  0.07
 -0.15  0.06  0.1  -0.19 -0.02  0.1   0.06 -0.21  0.11  0.1  -0.24  0.1
  0.11  0.04 -0.04  0.02  0.13 -0.18  0.11 -0.12  0.13  0.04 -0.04  0.08
 -0.02  0.18 -0.06  0.09 -0.06 -0.04 -0.12 -0.12  0.17 -0.06  0.09 -0.11
 -0.06 -0.02 -0.04  0.09 -0.02  0.16 -0.11  0.19 -0.02 -0.02 -0.02 -0.02
 -0.04 -0.04 -0.03 -0.03 -0.02 -0.02 -0.04 -0.04]
orbital number 69
[-0.29  0.1   0.15  0.1   0.27 -0.09 -0.14  0.25 -0.13 -0.14 -0.09  0.12
 -0.05 -0.08  0.15 -0.08 -0.05  0.11 -0.04 -0.08  0.15  0.01 -0.08 -0.04
 -0.12  0.04  0.09 -0.17 -0.01  0.09  0.04 -0.14  0.06  0.09 -0.18  0.08
  0.06 -0.27 -0.    0.27 -0.18 -0.02  0.21 -0.27  0.14  0.15 -0.01  0.06
 -0.01  0.11 -0.04  0.07 -0.04  0.01  0.06  0.06 -0.08  0.04 -0.05 -0.07
  0.04  0.01 -0.01 -0.05  0.01  0.09 -0.07 -0.09 -0.05 -0.05  0.05  0.05
  0.02  0.02  0.01  0.01 -0.02 -0.02 -0.02 -0.02]
orbital number 70
[-0.1   0.17 -0.23  0.18 -0.09  0.17 -0.23  0.24 -0.04 -0.23  0.17 -0.04
  0.05 -0.06  0.06 -0.06  0.05 -0.03  0.04 -0.05  0.06 -0.04 -0.05  0.04
 -0.04  0.05 -0.06  0.06 -0.03 -0.06  0.05 -0.04  0.05 -0.06  0.06 -0.06
  0.05 -0.24  0.24 -0.23  0.28 -0.29  0.28  0.25 -0.04 -0.24 -0.04  0.02
 -0.03 -0.05  0.04 -0.04  0.04 -0.04  0.05  0.05  0.02  0.03 -0.03  0.05
  0.03 -0.03 -0.04  0.02 -0.03  0.02  0.05 -0.05  0.07  0.07  0.07  0.07
 -0.01 -0.01 -0.01 -0.01 -0.01 -0.01 -0.01 -0.01]
orbital number 71
[-0.01  0.01 -0.    0.01  0.01 -0.01  0.01 -0.01 -0.    0.01 -0.01  0.06
 -0.06  0.05 -0.04  0.05 -0.06 -0.03  0.03 -0.03  0.02  0.05 -0.03  0.03
  0.17 -0.18  0.17 -0.14  0.17  0.17 -0.18 -0.23  0.24 -0.21  0.16 -0.21
  0.24 -0.   -0.    0.01 -0.    0.   -0.    0.    0.01 -0.   -0.21 -0.15
  0.17 -0.25 -0.19  0.2  -0.19  0.05 -0.06 -0.06 -0.04  0.03 -0.03  0.24
  0.03 -0.02 -0.21  0.02 -0.02  0.16  0.24  0.06  0.    0.   -0.   -0.
  0.02  0.02 -0.01 -0.01  0.05  0.05 -0.07 -0.07]
orbital number 72
[ 0.02 -0.02  0.02 -0.02 -0.02  0.01  0.   -0.01  0.02  0.    0.01 -0.26
  0.26 -0.22  0.17 -0.22  0.26  0.14 -0.15  0.15 -0.13 -0.23  0.15 -0.16
  0.05 -0.05  0.05 -0.04  0.05  0.05 -0.05 -0.04  0.04 -0.03  0.03 -0.03
  0.04  0.03 -0.02  0.01 -0.02  0.02 -0.02 -0.02  0.    0.02 -0.03 -0.04
  0.05 -0.04 -0.06  0.06 -0.06 -0.23  0.26  0.26  0.19 -0.15  0.16  0.04
 -0.15  0.14 -0.03 -0.11  0.14  0.03  0.04 -0.27 -0.01 -0.01 -0.   -0.
 -0.07 -0.07  0.04  0.04  0.01  0.01 -0.01 -0.01]
orbital number 73
[-0.1   0.07 -0.05  0.08  0.1  -0.09  0.08 -0.07 -0.03  0.08 -0.09  0.08
 -0.07  0.05 -0.03  0.05 -0.07  0.14 -0.14  0.11 -0.09  0.08  0.12 -0.14
 -0.16  0.15 -0.11  0.07 -0.2  -0.11  0.15 -0.15  0.14 -0.1   0.07 -0.1
  0.14 -0.03 -0.02  0.06 -0.04  0.02  0.    0.03  0.06 -0.05 -0.14  0.19
 -0.2  -0.16  0.22 -0.22  0.22  0.08 -0.08 -0.08 -0.07 -0.18  0.19  0.15
 -0.18  0.17 -0.14 -0.15  0.17  0.12  0.15  0.09  0.01  0.01 -0.02 -0.02
  0.02  0.02  0.04  0.04 -0.04 -0.04 -0.04 -0.04]
orbital number 74
[-0.    0.04 -0.07  0.04  0.03  0.01 -0.04  0.06 -0.07 -0.04  0.01  0.12
 -0.11  0.07 -0.03  0.07 -0.11  0.16 -0.14  0.1  -0.06  0.13  0.11 -0.15
  0.1  -0.09  0.06 -0.02  0.16  0.06 -0.09  0.11 -0.1   0.07 -0.04  0.07
 -0.1  -0.09  0.08 -0.08  0.08 -0.09  0.09  0.08 -0.06 -0.07  0.11 -0.16
  0.16  0.13 -0.17  0.18 -0.17  0.13 -0.14 -0.14 -0.12 -0.24  0.25 -0.12
 -0.24  0.23  0.11 -0.22  0.23 -0.1  -0.12  0.14  0.02  0.02  0.01  0.01
  0.03  0.03  0.04  0.04  0.03  0.03  0.03  0.03]
orbital number 75
[ 0.24 -0.22  0.22 -0.22 -0.25  0.23 -0.23  0.22 -0.03 -0.23  0.23  0.01
 -0.01 -0.01  0.02 -0.01 -0.01 -0.07  0.08 -0.1   0.13  0.04 -0.1   0.08
  0.06 -0.08  0.1  -0.13 -0.13  0.1  -0.08 -0.02  0.01  0.   -0.02  0.
  0.01  0.11 -0.   -0.1   0.05  0.   -0.05 -0.21  0.03  0.22 -0.04  0.15
 -0.13 -0.04  0.12 -0.12  0.12  0.04 -0.04 -0.04 -0.05 -0.13  0.13  0.04
 -0.13  0.13 -0.04 -0.15  0.13  0.04  0.04  0.04 -0.06 -0.06  0.06  0.06
  0.    0.   -0.02 -0.02  0.02  0.02 -0.   -0.  ]
orbital number 76
[-0.05  0.02 -0.    0.02 -0.02  0.    0.02 -0.03  0.05  0.02  0.    0.01
 -0.02  0.05 -0.08  0.05 -0.02 -0.22  0.23 -0.23  0.25 -0.08 -0.23  0.23
 -0.19  0.2  -0.2   0.23  0.15 -0.2   0.2  -0.   -0.01  0.03 -0.05  0.03
 -0.01  0.06 -0.06  0.07 -0.06  0.05 -0.05 -0.01  0.04 -0.   -0.06 -0.19
  0.15 -0.06 -0.14  0.13 -0.14 -0.08  0.08  0.08  0.1  -0.15  0.15  0.06
 -0.15  0.17 -0.06 -0.2   0.17  0.07  0.06 -0.08  0.    0.   -0.01 -0.01
  0.01  0.01 -0.06 -0.06 -0.06 -0.06  0.    0.  ]
orbital number 77
[-0.11  0.11 -0.12  0.11  0.13 -0.12  0.13 -0.13  0.06  0.13 -0.12  0.03
 -0.05  0.07 -0.11  0.07 -0.05 -0.17  0.17 -0.16  0.18 -0.11 -0.16  0.17
  0.2  -0.21  0.2  -0.22 -0.13  0.2  -0.21 -0.01  0.04 -0.07  0.1  -0.07
  0.04 -0.06  0.01  0.03 -0.01 -0.01  0.03  0.13 -0.07 -0.12  0.11  0.17
 -0.14  0.1   0.12 -0.11  0.12 -0.11  0.1   0.1   0.14 -0.1   0.09 -0.1
 -0.1   0.11  0.11 -0.13  0.11 -0.14 -0.1  -0.1   0.03  0.03 -0.04 -0.04
  0.01  0.01 -0.05 -0.05  0.06  0.06 -0.01 -0.01]
orbital number 78
[-0.1   0.07 -0.05  0.07 -0.06  0.02  0.   -0.02  0.06  0.    0.02 -0.21
  0.22 -0.24  0.29 -0.24  0.22 -0.09  0.08 -0.07  0.07  0.21 -0.07  0.08
 -0.03  0.03 -0.02  0.02  0.01 -0.02  0.03 -0.12  0.14 -0.15  0.19 -0.15
  0.13  0.1  -0.1   0.12 -0.09  0.08 -0.08  0.04  0.02 -0.05  0.14 -0.01
  0.01  0.11 -0.01  0.01 -0.01  0.21 -0.18 -0.18 -0.27 -0.03  0.02 -0.12
 -0.03  0.03  0.14 -0.04  0.03 -0.18 -0.12  0.17  0.01  0.01 -0.   -0.
 -0.06 -0.06 -0.02 -0.02 -0.01 -0.01 -0.04 -0.04]
orbital number 79
[-0.03  0.04 -0.06  0.04  0.09 -0.08  0.09 -0.1   0.07  0.09 -0.08 -0.14
  0.14 -0.15  0.17 -0.15  0.14 -0.09  0.08 -0.07  0.06  0.12 -0.07  0.08
  0.1  -0.1   0.08 -0.08 -0.03  0.08 -0.1   0.22 -0.23  0.24 -0.29  0.24
 -0.23 -0.06  0.03 -0.01  0.02 -0.03  0.04  0.08 -0.08 -0.06 -0.21  0.05
 -0.03 -0.16  0.03 -0.03  0.03  0.12 -0.1  -0.1  -0.16 -0.02  0.02  0.17
 -0.02  0.03 -0.21 -0.04  0.03  0.27  0.17  0.09  0.02  0.02 -0.03 -0.03
 -0.04 -0.04 -0.02 -0.02  0.03  0.03  0.06  0.06]
orbital number 80
[-0.28  0.2  -0.18  0.21 -0.26  0.19 -0.17  0.16 -0.06 -0.17  0.19  0.06
 -0.06  0.05 -0.06  0.05 -0.06  0.06 -0.05  0.04 -0.04 -0.03  0.04 -0.05
  0.07 -0.06  0.04 -0.04 -0.01  0.04 -0.06  0.08 -0.07  0.06 -0.07  0.06
 -0.07  0.3  -0.27  0.31 -0.23  0.21 -0.23  0.17 -0.06 -0.19 -0.04  0.02
 -0.01 -0.03  0.01 -0.01  0.01 -0.03  0.02  0.02  0.04  0.01 -0.01  0.03
  0.01 -0.01 -0.04  0.02 -0.01  0.06  0.03 -0.02  0.05  0.05  0.05  0.05
  0.02  0.02  0.01  0.01  0.02  0.02  0.02  0.02]