orbital number 1 energy -7.951968579547797
[-0.26 -0.21 -0.25 -0.17 -0.18 -0.17 -0.09 -0.1  -0.1  -0.06 -0.05 -0.
 -0.06 -0.1  -0.08 -0.08 -0.05 -0.04 -0.01 -0.05 -0.08 -0.1  -0.09 -0.09
 -0.05 -0.04 -0.05 -0.09 -0.11 -0.11 -0.06 -0.05 -0.01 -0.06 -0.11 -0.17
 -0.25 -0.21 -0.25 -0.17 -0.18 -0.   -0.01 -0.   -0.   -0.   -0.   -0.
 -0.   -0.   -0.   -0.   -0.01 -0.   -0.   -0.01 -0.01 -0.   -0.   -0.
 -0.   -0.01 -0.25 -0.25 -0.1  -0.1  -0.08 -0.08 -0.09 -0.09 -0.1  -0.11
 -0.25 -0.24]
orbital number 2 energy -7.881743132418833
[ 0.15  0.14  0.15  0.08  0.05  0.08 -0.11 -0.17 -0.19 -0.11 -0.09 -0.01
 -0.11 -0.19 -0.14 -0.15 -0.09 -0.07 -0.01 -0.09 -0.15  0.11  0.15  0.16
  0.09  0.08  0.09  0.16  0.17  0.19  0.11  0.09  0.02  0.11  0.19 -0.09
 -0.17 -0.15 -0.17 -0.09 -0.06  0.01  0.02  0.01 -0.01  0.    0.   -0.
  0.   -0.01 -0.   -0.   -0.01 -0.   -0.   -0.02  0.01  0.01  0.01 -0.01
  0.01  0.01  0.16  0.15 -0.19 -0.19 -0.15 -0.15  0.16  0.16  0.18  0.19
 -0.18 -0.17]
orbital number 3 energy -7.809450340656197
[-0.14 -0.09 -0.14 -0.1  -0.11 -0.1   0.05  0.17  0.21  0.12  0.1   0.01
  0.12  0.21  0.14  0.16  0.09  0.08  0.01  0.1   0.16  0.05  0.14  0.17
  0.1   0.08  0.1   0.17  0.15  0.18  0.11  0.09  0.02  0.11  0.19 -0.09
 -0.13 -0.08 -0.13 -0.09 -0.1   0.01  0.02  0.01  0.01  0.01  0.    0.01
  0.01  0.01  0.01  0.    0.01  0.    0.    0.03  0.01  0.01  0.01  0.01
  0.01  0.01 -0.15 -0.14  0.22  0.21  0.16  0.17  0.18  0.17  0.19  0.2
 -0.14 -0.13]
orbital number 4 energy -7.759307884283836
[ 0.01  0.01  0.01  0.    0.    0.    0.    0.01  0.01  0.    0.    0.
  0.    0.01  0.    0.    0.    0.    0.    0.    0.    0.   -0.24 -0.32
 -0.19 -0.16 -0.19 -0.31  0.2   0.26  0.16  0.14  0.04  0.16  0.27 -0.01
 -0.01 -0.01 -0.01 -0.01 -0.   -0.02 -0.03 -0.02  0.   -0.01 -0.01  0.
 -0.01  0.    0.    0.    0.    0.    0.    0.    0.02  0.01  0.01  0.
  0.01  0.02  0.01  0.01  0.01  0.01  0.    0.01 -0.34 -0.33  0.27  0.29
 -0.01 -0.01]
orbital number 5 energy -7.749578983367628
[ 0.02  0.02  0.02  0.01  0.01  0.01 -0.    0.2   0.27  0.16  0.14  0.01
  0.16  0.26 -0.24 -0.31 -0.19 -0.16  0.02 -0.19 -0.32  0.   -0.01 -0.01
 -0.   -0.   -0.   -0.01 -0.01 -0.01 -0.01 -0.01 -0.   -0.01 -0.01 -0.01
 -0.02 -0.01 -0.02 -0.01 -0.01 -0.   -0.   -0.    0.01 -0.   -0.   -0.01
 -0.   -0.02 -0.01 -0.01  0.02 -0.01 -0.01  0.04 -0.   -0.   -0.    0.01
 -0.   -0.    0.02  0.02  0.29  0.27 -0.33 -0.35 -0.01 -0.01 -0.01 -0.01
 -0.02 -0.02]
orbital number 6 energy -7.742199616737941
[-0.25 -0.19 -0.25 -0.13 -0.09 -0.14  0.   -0.08 -0.11 -0.06 -0.05 -0.
 -0.06 -0.1  -0.09 -0.12 -0.07 -0.06 -0.01 -0.07 -0.13 -0.01  0.07  0.09
  0.06  0.05  0.05  0.09  0.1   0.13  0.08  0.07  0.02  0.08  0.13  0.14
  0.25  0.19  0.24  0.13  0.09  0.01  0.01  0.01 -0.    0.    0.   -0.
  0.   -0.01 -0.   -0.   -0.01 -0.   -0.   -0.01  0.01  0.01  0.   -0.
  0.01  0.01 -0.28 -0.27 -0.11 -0.11 -0.13 -0.14  0.1   0.1   0.14  0.14
  0.28  0.26]
orbital number 7 energy -7.041558794741397
[ 0.05 -0.   -0.06 -0.03  0.    0.02  0.   -0.   -0.01 -0.    0.    0.
  0.    0.01  0.   -0.01 -0.   -0.    0.    0.    0.   -0.   -0.   -0.
 -0.    0.    0.    0.   -0.   -0.   -0.   -0.    0.    0.    0.   -0.15
 -0.34  0.01  0.35  0.16  0.01  0.    0.    0.    0.    0.    0.   -0.
  0.   -0.   -0.   -0.    0.   -0.   -0.    0.    0.    0.    0.    0.
  0.    0.    0.09 -0.1  -0.01  0.01 -0.01  0.01 -0.    0.   -0.    0.
 -0.58  0.59]
orbital number 8 energy -7.038007018652118
[ 0.34 -0.   -0.35 -0.16 -0.01  0.15 -0.    0.    0.    0.   -0.   -0.
 -0.   -0.   -0.    0.    0.    0.   -0.   -0.   -0.   -0.   -0.   -0.01
 -0.    0.    0.    0.01  0.   -0.01 -0.   -0.   -0.    0.    0.01  0.02
  0.06 -0.   -0.06 -0.03 -0.    0.    0.    0.   -0.    0.    0.    0.
  0.    0.    0.    0.   -0.    0.    0.   -0.   -0.   -0.   -0.   -0.
 -0.   -0.    0.58 -0.59  0.   -0.    0.   -0.   -0.01  0.01 -0.01  0.01
  0.09 -0.09]
orbital number 9 energy -7.0086984720998124
[-0.01  0.    0.01  0.   -0.   -0.   -0.    0.   -0.   -0.    0.    0.
  0.    0.    0.    0.    0.   -0.    0.   -0.    0.   -0.   -0.    0.03
  0.01  0.   -0.01 -0.03 -0.01 -0.36 -0.16 -0.01 -0.    0.15  0.34 -0.
 -0.   -0.    0.    0.    0.    0.    0.    0.    0.    0.    0.    0.
  0.   -0.    0.   -0.    0.   -0.   -0.    0.   -0.   -0.   -0.    0.
 -0.   -0.   -0.01  0.01 -0.01  0.01 -0.   -0.    0.05 -0.05 -0.6   0.59
 -0.    0.  ]
orbital number 10 energy -7.005496630968189
[-0.    0.    0.    0.   -0.   -0.   -0.   -0.01  0.34  0.15 -0.01 -0.
 -0.16 -0.36 -0.   -0.02 -0.01  0.   -0.    0.01  0.02 -0.   -0.    0.
  0.    0.   -0.   -0.   -0.   -0.   -0.   -0.   -0.    0.    0.   -0.
 -0.01  0.    0.01  0.   -0.    0.    0.    0.   -0.    0.    0.    0.
  0.    0.    0.    0.   -0.    0.    0.   -0.   -0.   -0.   -0.   -0.
 -0.   -0.   -0.    0.    0.59 -0.6  -0.03  0.03  0.   -0.   -0.01  0.01
 -0.01  0.01]
orbital number 11 energy -6.997586246573829
[-0.01 -0.    0.01  0.    0.   -0.    0.   -0.    0.    0.    0.   -0.
 -0.   -0.   -0.   -0.   -0.   -0.   -0.    0.    0.    0.    0.01 -0.34
 -0.15  0.    0.16  0.36 -0.   -0.03 -0.01 -0.   -0.    0.01  0.03 -0.
 -0.   -0.    0.    0.    0.    0.    0.    0.   -0.    0.    0.   -0.
  0.   -0.   -0.   -0.   -0.   -0.   -0.   -0.   -0.   -0.   -0.   -0.
 -0.   -0.   -0.01  0.01  0.   -0.   -0.    0.   -0.59  0.6  -0.05  0.05
 -0.    0.  ]
orbital number 12 energy -6.988440481793202
[-0.   -0.    0.    0.    0.   -0.    0.    0.    0.02  0.01 -0.   -0.
 -0.01 -0.02  0.01  0.36  0.16  0.01 -0.   -0.15 -0.34  0.    0.   -0.
 -0.    0.    0.    0.   -0.   -0.   -0.   -0.   -0.    0.    0.   -0.
 -0.01  0.    0.01  0.    0.    0.    0.    0.   -0.    0.    0.    0.
  0.    0.    0.    0.   -0.    0.    0.   -0.   -0.   -0.   -0.   -0.
 -0.   -0.   -0.    0.    0.03 -0.03  0.6  -0.59 -0.    0.   -0.    0.
 -0.01  0.01]
orbital number 13 energy -6.679385582566775
[ 0.    0.    0.   -0.   -0.   -0.    0.01  0.04  0.03 -0.04 -0.12 -0.4
 -0.04  0.04  0.   -0.   -0.   -0.   -0.4  -0.   -0.    0.    0.    0.
 -0.   -0.   -0.   -0.    0.    0.   -0.   -0.   -0.   -0.    0.   -0.
 -0.    0.   -0.   -0.   -0.   -0.   -0.   -0.   -0.4  -0.   -0.   -0.
 -0.   -0.   -0.   -0.   -0.4  -0.   -0.   -0.41 -0.   -0.   -0.   -0.4
 -0.   -0.    0.    0.    0.07  0.08 -0.   -0.   -0.   -0.    0.    0.
 -0.   -0.  ]
orbital number 14 energy -6.674285452330893
[ 0.   -0.    0.    0.    0.    0.   -0.    0.    0.   -0.   -0.   -0.
 -0.    0.   -0.    0.    0.    0.   -0.    0.    0.   -0.01 -0.    0.
  0.    0.01  0.    0.   -0.03 -0.04  0.04  0.11  0.41  0.04 -0.03  0.
 -0.   -0.   -0.    0.    0.    0.02  0.02  0.02 -0.    0.02  0.02  0.
  0.02  0.    0.    0.   -0.    0.    0.   -0.    0.4   0.4   0.4  -0.
  0.4   0.4   0.    0.    0.    0.    0.    0.    0.    0.   -0.08 -0.07
 -0.   -0.  ]
orbital number 15 energy -6.663953416357526
[-0.    0.   -0.   -0.   -0.   -0.    0.    0.   -0.    0.    0.    0.
 -0.   -0.    0.   -0.   -0.   -0.    0.   -0.   -0.    0.01  0.03  0.03
 -0.03 -0.09 -0.03  0.03  0.   -0.    0.    0.    0.02  0.   -0.   -0.
  0.    0.    0.   -0.   -0.   -0.4  -0.41 -0.4   0.   -0.4  -0.4  -0.
 -0.4  -0.   -0.   -0.    0.   -0.   -0.    0.    0.02  0.02  0.02  0.
  0.02  0.02 -0.   -0.   -0.   -0.   -0.   -0.    0.06  0.06 -0.01 -0.01
  0.    0.  ]
orbital number 16 energy -6.651999178465815
[-0.   -0.   -0.    0.    0.    0.   -0.   -0.    0.    0.   -0.   -0.
  0.    0.   -0.02 -0.02  0.02  0.06 -0.    0.02 -0.02 -0.   -0.    0.
  0.   -0.    0.    0.   -0.    0.    0.   -0.   -0.    0.    0.    0.
  0.   -0.    0.    0.    0.   -0.   -0.   -0.   -0.   -0.   -0.    0.41
 -0.    0.41  0.4   0.41 -0.    0.41  0.41 -0.   -0.   -0.   -0.   -0.
 -0.   -0.   -0.   -0.    0.    0.   -0.04 -0.04  0.    0.    0.    0.
  0.    0.  ]
orbital number 17 energy -5.968748696205189
[-0.03 -0.03 -0.03  0.25  0.45  0.25 -0.01 -0.01  0.    0.    0.   -0.
  0.    0.   -0.01  0.    0.    0.   -0.    0.    0.   -0.01 -0.01  0.
  0.    0.    0.    0.   -0.01  0.    0.    0.   -0.    0.    0.    0.25
 -0.03 -0.03 -0.03  0.25  0.45 -0.   -0.   -0.   -0.   -0.   -0.   -0.
 -0.   -0.   -0.   -0.   -0.   -0.   -0.   -0.   -0.   -0.   -0.   -0.
 -0.   -0.   -0.29 -0.29  0.01  0.01  0.01  0.01  0.01  0.01  0.01  0.01
 -0.29 -0.29]
orbital number 18 energy -5.424569569594982
[ 0.    0.04  0.    0.01  0.    0.01 -0.02 -0.02 -0.01 -0.07 -0.1   0.03
 -0.07 -0.01 -0.01 -0.   -0.01 -0.02  0.   -0.01 -0.    0.09  0.05  0.02
  0.11  0.15  0.11  0.02  0.11  0.04  0.34  0.46  0.08  0.34  0.05 -0.01
 -0.   -0.01 -0.   -0.01 -0.01 -0.01  0.02 -0.01  0.02 -0.03 -0.04  0.
 -0.03 -0.    0.    0.    0.    0.    0.   -0.02 -0.02 -0.11 -0.15  0.03
 -0.11 -0.02 -0.04 -0.04  0.09  0.09  0.02  0.02 -0.15 -0.15 -0.41 -0.4
  0.02  0.02]
orbital number 19 energy -5.4232823706428785
[ 0.   -0.01  0.    0.01  0.01  0.01 -0.08 -0.12 -0.05 -0.36 -0.48  0.16
 -0.35 -0.05 -0.04 -0.01 -0.06 -0.08  0.02 -0.06 -0.01 -0.02 -0.01 -0.
 -0.02 -0.03 -0.02 -0.   -0.02 -0.01 -0.07 -0.1  -0.02 -0.07 -0.01 -0.
 -0.   -0.03 -0.   -0.    0.    0.   -0.    0.    0.12  0.01  0.01  0.
  0.01 -0.01  0.    0.01  0.02  0.01  0.01 -0.09  0.    0.02  0.03  0.12
  0.02  0.   -0.   -0.    0.42  0.42  0.09  0.09  0.03  0.03  0.09  0.09
  0.03  0.03]
orbital number 20 energy -5.402848475526062
[-0.   -0.02 -0.   -0.   -0.   -0.    0.   -0.   -0.   -0.   -0.    0.
 -0.   -0.    0.    0.    0.    0.    0.    0.    0.   -0.04 -0.1  -0.05
 -0.36 -0.49 -0.36 -0.05  0.02  0.02  0.13  0.18  0.03  0.13  0.02  0.
  0.    0.    0.    0.    0.    0.02 -0.07  0.02  0.    0.1   0.13 -0.
  0.1   0.   -0.   -0.    0.   -0.   -0.   -0.   -0.01 -0.04 -0.06  0.
 -0.04 -0.01  0.02  0.02  0.    0.   -0.   -0.    0.41  0.41 -0.13 -0.13
 -0.   -0.  ]
orbital number 21 energy -5.383424701246995
[-0.   -0.   -0.   -0.01 -0.01 -0.01  0.05  0.   -0.01 -0.08 -0.11  0.04
 -0.08 -0.01  0.11  0.05  0.38  0.5   0.    0.38  0.06 -0.    0.    0.
  0.    0.    0.    0.    0.    0.    0.    0.    0.    0.    0.    0.
  0.    0.02  0.    0.    0.   -0.    0.   -0.    0.03 -0.   -0.   -0.01
 -0.    0.05 -0.01 -0.06  0.   -0.06 -0.09 -0.02 -0.   -0.   -0.    0.03
 -0.   -0.    0.01  0.01  0.07  0.07 -0.44 -0.43 -0.   -0.   -0.   -0.
 -0.02 -0.02]
orbital number 22 energy -5.106360700910347
[-0.09 -0.21 -0.09 -0.23 -0.23 -0.24  0.14  0.07  0.   -0.04 -0.07  0.03
 -0.04  0.    0.05  0.   -0.04 -0.06 -0.   -0.04  0.   -0.15 -0.06 -0.
  0.04  0.06  0.04 -0.   -0.07 -0.    0.05  0.07  0.02  0.05 -0.    0.24
  0.09  0.2   0.09  0.24  0.23  0.    0.01  0.    0.02 -0.01 -0.02 -0.
 -0.01 -0.01 -0.    0.01 -0.    0.01  0.01 -0.02  0.   -0.02 -0.03  0.02
 -0.02  0.    0.34  0.34 -0.02 -0.02 -0.01 -0.01  0.01  0.01  0.02  0.02
 -0.33 -0.34]
orbital number 23 energy -4.753127759131713
[ 0.06  0.28  0.06 -0.04 -0.13 -0.04  0.34  0.25  0.04 -0.09 -0.16  0.08
 -0.09  0.04  0.19  0.03 -0.08 -0.14 -0.02 -0.08  0.03  0.34  0.2   0.03
 -0.08 -0.13 -0.08  0.03  0.24  0.04 -0.09 -0.15 -0.07 -0.09  0.04 -0.03
  0.07  0.28  0.07 -0.03 -0.11 -0.01 -0.05 -0.01  0.05  0.03  0.06 -0.01
  0.03 -0.03 -0.01  0.02 -0.02  0.02  0.04 -0.07 -0.02  0.05  0.08  0.05
  0.05 -0.02 -0.16 -0.16 -0.11 -0.11 -0.07 -0.07 -0.08 -0.08 -0.1  -0.1
 -0.17 -0.17]
orbital number 24 energy -4.56709066603819
[-0.02  0.12 -0.02 -0.17 -0.19 -0.17 -0.31 -0.29 -0.06  0.08  0.16 -0.11
  0.08 -0.06 -0.21 -0.04  0.08  0.14  0.04  0.08 -0.04  0.3   0.22  0.05
 -0.07 -0.13 -0.07  0.04  0.27  0.06 -0.08 -0.15 -0.1  -0.07  0.06  0.17
  0.02 -0.12  0.02  0.17  0.19 -0.02 -0.07 -0.02 -0.06  0.04  0.07  0.01
  0.04  0.05  0.02 -0.03  0.03 -0.03 -0.05  0.11 -0.03  0.06  0.1  -0.07
  0.06 -0.03  0.04  0.04  0.13  0.13  0.09  0.09 -0.1  -0.1  -0.12 -0.12
 -0.04 -0.04]
orbital number 25 energy -4.097440842197656
[ 0.01  0.02  0.   -0.   -0.01 -0.    0.   -0.01 -0.01 -0.    0.   -0.03
 -0.   -0.01  0.01  0.   -0.   -0.    0.12 -0.    0.    0.01  0.19  0.09
  0.02 -0.07  0.02  0.09 -0.16 -0.08 -0.03  0.05  0.33 -0.03 -0.08  0.
  0.01  0.01  0.01 -0.   -0.01 -0.22 -0.4  -0.17  0.09  0.22  0.4  -0.
  0.18 -0.01 -0.01  0.   -0.09  0.01  0.01  0.03  0.13 -0.19 -0.32 -0.12
 -0.13  0.19 -0.01 -0.01  0.01  0.01 -0.   -0.   -0.13 -0.13  0.12  0.12
 -0.01 -0.01]
orbital number 26 energy -4.096798193577928
[ 0.    0.01  0.    0.   -0.    0.    0.01 -0.02 -0.01 -0.01  0.   -0.06
 -0.01 -0.01  0.03  0.01 -0.   -0.01  0.51 -0.    0.01 -0.   -0.05 -0.02
 -0.01  0.02 -0.01 -0.02  0.03  0.01  0.01 -0.01 -0.06  0.01  0.01 -0.
  0.01  0.02  0.   -0.   -0.01  0.05  0.1   0.04  0.45 -0.05 -0.1  -0.01
 -0.04 -0.06 -0.05  0.01 -0.45  0.06  0.06  0.07 -0.02  0.03  0.06 -0.51
  0.02 -0.03 -0.01 -0.01  0.02  0.02 -0.02 -0.02  0.03  0.03 -0.02 -0.02
 -0.01 -0.01]
orbital number 27 energy -4.092521345869354
[ 0.    0.    0.   -0.   -0.   -0.    0.   -0.   -0.   -0.    0.   -0.
 -0.   -0.    0.    0.    0.   -0.   -0.    0.    0.    0.   -0.01 -0.01
 -0.    0.   -0.   -0.01  0.01  0.   -0.   -0.   -0.02  0.    0.01  0.
  0.    0.    0.    0.   -0.    0.02  0.03  0.01 -0.   -0.02 -0.03  0.
 -0.01 -0.   -0.   -0.    0.    0.    0.    0.   -0.51 -0.49  0.02  0.
  0.51  0.49 -0.   -0.    0.    0.   -0.   -0.    0.01  0.01 -0.01 -0.01
 -0.   -0.  ]
orbital number 28 energy -4.092279933071197
[ 0.    0.    0.    0.   -0.    0.    0.   -0.02 -0.01 -0.    0.01 -0.04
 -0.   -0.01  0.02  0.01  0.   -0.01 -0.02  0.    0.01  0.   -0.   -0.
 -0.    0.   -0.   -0.   -0.   -0.   -0.    0.    0.   -0.   -0.   -0.
  0.    0.    0.   -0.   -0.    0.    0.    0.   -0.06 -0.   -0.    0.45
 -0.   -0.08 -0.53 -0.45  0.06  0.53  0.08  0.04  0.    0.   -0.    0.02
 -0.   -0.   -0.   -0.    0.01  0.01 -0.02 -0.02  0.    0.    0.    0.
 -0.   -0.  ]
orbital number 29 energy -4.091222730615201
[ 0.    0.    0.   -0.   -0.   -0.    0.   -0.   -0.   -0.    0.   -0.
 -0.   -0.    0.    0.   -0.   -0.   -0.   -0.    0.    0.    0.01  0.
 -0.   -0.    0.    0.   -0.01 -0.   -0.    0.    0.02 -0.   -0.    0.
  0.    0.    0.    0.   -0.    0.49 -0.02 -0.51 -0.   -0.49  0.01 -0.
  0.51 -0.    0.    0.    0.   -0.    0.    0.    0.01 -0.   -0.02  0.
 -0.02  0.   -0.   -0.    0.    0.   -0.   -0.   -0.01 -0.01  0.01  0.01
 -0.   -0.  ]
orbital number 30 energy -4.082500523585719
[ 0.01  0.03  0.01  0.   -0.01  0.    0.02 -0.13 -0.07 -0.04  0.03 -0.31
 -0.04 -0.07  0.15  0.07  0.01 -0.06  0.07  0.01  0.07  0.   -0.02 -0.01
 -0.    0.   -0.   -0.01 -0.01 -0.01 -0.    0.    0.03 -0.   -0.01 -0.01
  0.02  0.05  0.02 -0.01 -0.03  0.02  0.04  0.02 -0.24 -0.02 -0.04 -0.29
 -0.02 -0.43 -0.13  0.29  0.24  0.13  0.42  0.31  0.02 -0.01 -0.03 -0.07
 -0.02  0.01 -0.02 -0.02  0.1   0.1  -0.1  -0.1   0.01  0.01  0.01  0.01
 -0.02 -0.02]
orbital number 31 energy -4.050582915310502
[ 0.07  0.18  0.07 -0.02 -0.09 -0.02  0.05 -0.07 -0.05 -0.05  0.   -0.26
 -0.05 -0.05 -0.02 -0.02 -0.03 -0.01  0.11 -0.03 -0.02  0.05 -0.04 -0.03
 -0.03 -0.   -0.03 -0.03 -0.06 -0.04 -0.04  0.    0.25 -0.04 -0.05 -0.02
  0.07  0.18  0.07 -0.02 -0.09  0.11  0.23  0.12 -0.15 -0.11 -0.23  0.16
 -0.11  0.29  0.13 -0.15  0.15 -0.13 -0.28  0.27  0.13 -0.12 -0.25 -0.11
 -0.13  0.13 -0.1  -0.1   0.07  0.07  0.03  0.03  0.05  0.04  0.06  0.06
 -0.1  -0.1 ]
orbital number 32 energy -3.9937005051995618
[-0.02 -0.13 -0.02  0.07  0.09  0.07  0.11  0.01 -0.03 -0.08 -0.05 -0.29
 -0.08 -0.03  0.1   0.02 -0.06 -0.08  0.15 -0.06  0.02 -0.11 -0.05  0.01
  0.06  0.06  0.06  0.01 -0.02  0.03  0.08  0.05 -0.3   0.08  0.03 -0.06
  0.01  0.08  0.01 -0.07 -0.07 -0.13 -0.25 -0.13 -0.15  0.12  0.24  0.11
  0.12  0.21  0.1  -0.1   0.16 -0.1  -0.2   0.3  -0.16  0.14  0.29 -0.13
  0.14 -0.16  0.03  0.03  0.04  0.04 -0.03 -0.03 -0.01 -0.01 -0.04 -0.04
 -0.01 -0.01]
orbital number 33 energy -3.675545648444926
[ 0.14  0.29  0.14 -0.01 -0.16 -0.01 -0.06 -0.16 -0.05  0.06  0.11  0.1
  0.07 -0.04 -0.26 -0.09  0.09  0.17 -0.06  0.07 -0.1  -0.07 -0.23 -0.08
  0.08  0.15  0.09 -0.07 -0.2  -0.05  0.08  0.13 -0.11  0.07 -0.07 -0.03
  0.15  0.32  0.15 -0.03 -0.18 -0.07 -0.1  -0.07  0.04  0.05  0.1  -0.05
  0.05 -0.07 -0.05  0.03 -0.06  0.03  0.07 -0.1  -0.07  0.05  0.11  0.04
  0.05 -0.07 -0.17 -0.17  0.06  0.05  0.11  0.11  0.09  0.09  0.07  0.07
 -0.18 -0.18]
orbital number 34 energy -3.4835597222714423
[ 0.03  0.08  0.03 -0.02 -0.05 -0.03 -0.03 -0.39 -0.14  0.14  0.25  0.15
  0.12 -0.14  0.46  0.18 -0.13 -0.29 -0.11 -0.12  0.19  0.   -0.15 -0.06
  0.04  0.1   0.05 -0.06  0.05  0.02 -0.01 -0.03  0.02 -0.02  0.02  0.04
  0.01 -0.02 -0.01  0.01  0.02 -0.03 -0.04 -0.03  0.06  0.02  0.05  0.06
  0.02  0.08  0.06 -0.03 -0.1  -0.03 -0.09 -0.15  0.01 -0.01 -0.02  0.06
 -0.01  0.01 -0.03 -0.03  0.15  0.16 -0.2  -0.2   0.07  0.06 -0.02 -0.02
 -0.01  0.01]
orbital number 35 energy -3.4710790622076066
[-0.02 -0.01  0.    0.01  0.   -0.03  0.01  0.12  0.04 -0.04 -0.08 -0.05
 -0.04  0.04 -0.09 -0.04  0.02  0.06  0.03  0.03 -0.04  0.02 -0.45 -0.17
  0.13  0.29  0.13 -0.17  0.4   0.15 -0.13 -0.26  0.14 -0.13  0.15  0.01
 -0.02 -0.04 -0.02  0.01  0.03 -0.09 -0.13 -0.09 -0.02  0.05  0.13 -0.01
  0.05 -0.02 -0.01  0.01  0.03  0.01  0.02  0.05  0.1  -0.06 -0.15 -0.02
 -0.06  0.1   0.02 -0.   -0.05 -0.05  0.04  0.04  0.19  0.19 -0.16 -0.16
  0.02  0.02]
orbital number 36 energy -3.3191812196471506
[-0.25 -0.05  0.22  0.39  0.03 -0.34  0.   -0.02 -0.01  0.    0.01  0.01
  0.01 -0.   -0.02 -0.01  0.01  0.01 -0.   -0.   -0.01 -0.01  0.03  0.02
 -0.   -0.02 -0.02  0.01  0.02  0.   -0.01 -0.01  0.    0.    0.01  0.34
  0.25  0.05 -0.22 -0.39 -0.03  0.01  0.01  0.01  0.   -0.   -0.01 -0.
 -0.   -0.   -0.    0.   -0.    0.    0.   -0.01  0.   -0.   -0.    0.
 -0.    0.    0.25 -0.22  0.01  0.    0.01  0.01 -0.02 -0.01 -0.   -0.01
 -0.25  0.22]
orbital number 37 energy -3.3003046955638835
[ 0.23 -0.04 -0.25 -0.35  0.03  0.38  0.   -0.01 -0.01 -0.    0.01  0.
  0.01 -0.   -0.02 -0.    0.01  0.01 -0.   -0.   -0.01 -0.    0.    0.
  0.   -0.   -0.   -0.    0.03  0.   -0.03 -0.02  0.01  0.01  0.02  0.35
  0.25  0.03 -0.23 -0.38 -0.02  0.    0.    0.    0.   -0.   -0.   -0.
  0.   -0.   -0.    0.   -0.    0.    0.   -0.    0.01 -0.   -0.01  0.
 -0.    0.01 -0.23  0.25  0.01  0.    0.    0.01 -0.    0.   -0.   -0.02
 -0.24  0.23]
orbital number 38 energy -3.28822787372498
[ 0.1   0.33  0.11 -0.14 -0.22 -0.16 -0.03  0.19  0.18  0.1  -0.12 -0.06
 -0.22 -0.03  0.08 -0.   -0.08 -0.05  0.04  0.04  0.08  0.04 -0.11 -0.1
 -0.05  0.07  0.11  0.   -0.18  0.05  0.24  0.12 -0.05 -0.13 -0.2   0.23
 -0.06 -0.33 -0.16  0.08  0.23 -0.02 -0.02 -0.02 -0.02  0.01  0.03  0.01
  0.01  0.01  0.01 -0.    0.04 -0.   -0.01  0.05 -0.04  0.02  0.05 -0.02
  0.02 -0.04 -0.1  -0.11 -0.18  0.03  0.   -0.07  0.1  -0.   -0.04  0.19
  0.05  0.16]
orbital number 39 energy -3.2731252256151846
[-0.   -0.01  0.    0.01  0.    0.   -0.   -0.01  0.27  0.41  0.    0.
 -0.41 -0.27 -0.01 -0.01 -0.    0.01 -0.    0.01 -0.   -0.    0.    0.01
  0.02 -0.   -0.02 -0.01  0.   -0.21 -0.32 -0.    0.    0.31  0.21 -0.01
  0.    0.02  0.01  0.   -0.01  0.    0.    0.   -0.   -0.   -0.   -0.
 -0.   -0.   -0.    0.    0.    0.    0.   -0.    0.    0.   -0.    0.
 -0.    0.    0.   -0.   -0.26  0.27  0.01  0.   -0.01  0.01  0.21 -0.2
 -0.   -0.01]
orbital number 40 energy -3.26915738314649
[-0.04 -0.16 -0.06  0.06  0.11  0.09  0.02 -0.09  0.14  0.29  0.06  0.02
 -0.24 -0.21 -0.05  0.02  0.07  0.03 -0.02 -0.04 -0.06 -0.02  0.06  0.1
  0.1  -0.04 -0.13 -0.05  0.09  0.28  0.34 -0.06  0.02 -0.39 -0.2  -0.1
  0.04  0.16  0.07 -0.05 -0.11  0.01  0.01  0.01  0.01 -0.   -0.01 -0.
 -0.   -0.01 -0.    0.   -0.02  0.    0.01 -0.02  0.02 -0.01 -0.02  0.01
 -0.01  0.02  0.04  0.06 -0.14  0.21 -0.01  0.06 -0.1   0.05 -0.28  0.2
 -0.04 -0.07]
orbital number 41 energy -3.260583264839434
[-0.03 -0.09 -0.03  0.04  0.06  0.04  0.01 -0.04  0.01  0.06  0.03  0.01
 -0.03 -0.05 -0.02  0.03  0.07  0.01 -0.01 -0.06 -0.05 -0.01  0.03 -0.31
 -0.51 -0.02  0.49  0.34  0.05  0.05  0.03 -0.03  0.01 -0.06 -0.01 -0.05
  0.02  0.08  0.03 -0.03 -0.06  0.    0.01  0.01  0.   -0.   -0.01 -0.
 -0.   -0.   -0.    0.   -0.01  0.    0.   -0.01  0.01 -0.01 -0.01  0.
 -0.    0.01  0.03  0.03 -0.01  0.05 -0.03  0.05  0.31 -0.34 -0.05  0.01
 -0.02 -0.03]
orbital number 42 energy -3.252713315429326
[-0.02 -0.06 -0.02  0.03  0.04  0.03  0.   -0.04 -0.01  0.02  0.03  0.01
 -0.   -0.02 -0.02 -0.34 -0.5   0.01 -0.01  0.52  0.32 -0.01  0.02 -0.02
 -0.05 -0.01  0.04  0.04  0.03  0.03  0.02 -0.02  0.01 -0.04 -0.   -0.03
  0.02  0.07  0.02 -0.03 -0.05  0.    0.    0.    0.   -0.   -0.   -0.
 -0.   -0.   -0.    0.   -0.01  0.    0.   -0.01  0.01 -0.   -0.01  0.
 -0.    0.01  0.02  0.02  0.01  0.02  0.34 -0.32  0.02 -0.04 -0.03  0.
 -0.02 -0.02]
orbital number 43 energy 0.0
[ 0.16 -0.    0.16  0.05 -0.16  0.05 -0.49  0.05  0.16  0.01 -0.17 -0.03
  0.01  0.16  0.04  0.13  0.01 -0.13  0.03  0.    0.13 -0.5   0.04  0.13
  0.   -0.13  0.01  0.13  0.05  0.16  0.01 -0.16 -0.    0.01  0.16  0.06
  0.15 -0.01  0.15  0.06 -0.15  0.02 -0.    0.02  0.    0.   -0.02  0.01
  0.   -0.    0.01  0.    0.03  0.   -0.01 -0.    0.03  0.   -0.03  0.
  0.    0.03 -0.09 -0.09 -0.09 -0.09 -0.07 -0.07 -0.07 -0.07 -0.09 -0.09
 -0.08 -0.08]
orbital number 44 energy 0.191418122925906
[-0.15 -0.07 -0.15  0.03  0.15  0.03 -0.51  0.04  0.17  0.01 -0.17 -0.03
  0.01  0.17  0.03  0.13  0.01 -0.13  0.03  0.01  0.13  0.5  -0.03 -0.13
 -0.01  0.13 -0.01 -0.13 -0.03 -0.16 -0.01  0.16  0.01 -0.01 -0.16 -0.04
  0.14  0.07  0.14 -0.03 -0.14 -0.02  0.   -0.02  0.   -0.    0.02  0.01
 -0.   -0.    0.01  0.    0.03  0.   -0.01 -0.01 -0.03 -0.    0.03  0.
 -0.   -0.03  0.08  0.08 -0.09 -0.09 -0.07 -0.07  0.07  0.07  0.09  0.09
 -0.08 -0.08]
orbital number 45 energy 3.041492930105632
[-0.12  0.32 -0.12 -0.24  0.32 -0.24 -0.07 -0.15  0.09  0.09 -0.16 -0.11
  0.09  0.09 -0.05  0.04  0.03 -0.07  0.08  0.03  0.04 -0.08 -0.08  0.05
  0.05 -0.09  0.04  0.06 -0.14  0.09  0.08 -0.16 -0.1   0.08  0.09 -0.24
 -0.12  0.32 -0.12 -0.24  0.33  0.03 -0.05  0.03  0.05  0.02 -0.05  0.02
  0.02 -0.02  0.02  0.01  0.08  0.01 -0.02 -0.11  0.07  0.04 -0.1   0.05
  0.04  0.07  0.05  0.05 -0.04 -0.04 -0.02 -0.02 -0.02 -0.02 -0.04 -0.04
  0.05  0.05]
orbital number 46 energy 3.2589488334338417
[ 0.01 -0.    0.02 -0.01 -0.01 -0.01  0.03 -0.11  0.04  0.07 -0.11 -0.14
  0.07  0.04  0.05 -0.03 -0.03  0.05  0.08 -0.03 -0.03 -0.05 -0.22  0.12
  0.14 -0.24  0.14  0.12  0.25 -0.11 -0.17  0.27  0.32 -0.17 -0.11 -0.02
 -0.02  0.03 -0.03 -0.02  0.04  0.14 -0.23  0.14  0.06  0.1  -0.23 -0.02
  0.1   0.03 -0.02 -0.01  0.09 -0.01  0.03 -0.14 -0.19 -0.14  0.31  0.06
 -0.14 -0.19 -0.01 -0.01 -0.02 -0.02  0.01  0.01 -0.05 -0.05  0.04  0.04
  0.01  0.01]
orbital number 47 energy 3.287702296379257
[-0.04  0.1  -0.04 -0.06  0.1  -0.06 -0.1   0.25 -0.09 -0.18  0.25  0.35
 -0.18 -0.09 -0.19  0.12  0.11 -0.22 -0.21  0.11  0.12 -0.01 -0.13  0.07
  0.09 -0.15  0.09  0.07  0.03 -0.01 -0.02  0.03  0.04 -0.02 -0.01 -0.05
  0.    0.05  0.   -0.06  0.05  0.09 -0.15  0.09 -0.17  0.07 -0.15  0.09
  0.07 -0.15  0.09  0.07 -0.22  0.06 -0.15  0.36 -0.03 -0.02  0.04 -0.15
 -0.02 -0.03  0.02  0.02  0.03  0.03 -0.05 -0.05 -0.03 -0.03  0.    0.01
 -0.   -0.  ]
orbital number 48 energy 3.4264450689391297
[-0.04 -0.01 -0.04  0.04 -0.    0.04 -0.02  0.01  0.   -0.02  0.01  0.05
 -0.01 -0.    0.15 -0.07 -0.1   0.17 -0.02 -0.1  -0.07  0.14 -0.14  0.03
  0.11 -0.14  0.11  0.03 -0.09  0.01  0.09 -0.09 -0.27  0.09  0.    0.06
  0.07 -0.11  0.06  0.06 -0.13  0.18 -0.34  0.18 -0.02  0.16 -0.33 -0.14
  0.16  0.25 -0.13 -0.12 -0.03 -0.11  0.24  0.05  0.15  0.12 -0.27 -0.02
  0.13  0.15  0.02  0.01 -0.    0.    0.03  0.03 -0.01 -0.01 -0.    0.
 -0.03 -0.02]
orbital number 49 energy 3.497695945374802
[ 0.03 -0.11  0.03  0.08 -0.11  0.09  0.12 -0.03 -0.03  0.05 -0.02 -0.22
  0.05 -0.03 -0.11  0.02  0.09 -0.11  0.1   0.09  0.02  0.1  -0.03 -0.01
  0.04 -0.03  0.04 -0.01 -0.02 -0.02  0.04 -0.02 -0.17  0.04 -0.02  0.08
  0.01 -0.09  0.01  0.08 -0.09  0.09 -0.18  0.09  0.13  0.09 -0.18  0.24
  0.09 -0.42  0.2   0.22  0.13  0.18 -0.41 -0.22  0.09  0.08 -0.17  0.08
  0.08  0.09 -0.01 -0.01  0.01  0.01 -0.01 -0.01  0.    0.    0.01  0.01
 -0.   -0.  ]
orbital number 50 energy 3.5604834977408912
[ 0.   -0.    0.    0.   -0.01  0.    0.01 -0.01 -0.    0.01 -0.01 -0.01
  0.    0.01  0.   -0.   -0.    0.    0.49 -0.   -0.    0.    0.   -0.
  0.    0.    0.   -0.    0.   -0.    0.    0.   -0.    0.   -0.    0.
 -0.   -0.   -0.    0.   -0.    0.   -0.    0.   -0.49  0.   -0.    0.1
  0.   -0.02 -0.08  0.1  -0.49 -0.08 -0.01 -0.01  0.   -0.   -0.    0.5
  0.   -0.   -0.   -0.    0.   -0.    0.    0.    0.    0.    0.    0.
  0.    0.  ]
orbital number 51 energy 3.5610557560873866
[ 0.   -0.    0.    0.   -0.01  0.    0.01 -0.   -0.    0.   -0.   -0.01
  0.   -0.   -0.01  0.    0.01 -0.01  0.09  0.01  0.    0.    0.   -0.
  0.    0.    0.   -0.    0.   -0.    0.    0.   -0.    0.   -0.    0.
 -0.   -0.   -0.    0.   -0.    0.   -0.    0.   -0.08  0.   -0.   -0.48
  0.   -0.02  0.5  -0.48 -0.08  0.5  -0.02 -0.01  0.01 -0.   -0.    0.1
  0.01 -0.   -0.   -0.    0.    0.   -0.   -0.    0.    0.    0.    0.
  0.    0.  ]
orbital number 52 energy 3.5617892242242077
[ 0.    0.    0.   -0.    0.   -0.   -0.    0.    0.   -0.    0.    0.
 -0.    0.   -0.    0.   -0.   -0.   -0.   -0.    0.   -0.   -0.    0.
 -0.   -0.   -0.    0.    0.   -0.    0.    0.    0.   -0.    0.   -0.
 -0.    0.   -0.   -0.    0.   -0.    0.   -0.    0.   -0.    0.    0.
 -0.    0.   -0.01  0.    0.   -0.01  0.    0.    0.5  -0.5   0.   -0.
  0.5  -0.5  -0.   -0.   -0.   -0.   -0.   -0.   -0.   -0.    0.   -0.
  0.    0.  ]
orbital number 53 energy 3.5631657901984863
[ 0.   0.  -0.   0.   0.  -0.  -0.   0.   0.  -0.  -0.   0.  -0.   0.
 -0.   0.  -0.  -0.  -0.   0.   0.   0.  -0.   0.  -0.  -0.   0.  -0.
 -0.   0.   0.  -0.  -0.   0.  -0.  -0.  -0.   0.  -0.  -0.   0.   0.5
  0.  -0.5  0.   0.5 -0.   0.  -0.5  0.  -0.   0.   0.  -0.   0.   0.
 -0.   0.  -0.  -0.  -0.   0.  -0.   0.  -0.  -0.  -0.  -0.  -0.   0.
  0.   0.   0.   0. ]
orbital number 54 energy 3.8031419999202787
[-0.03  0.06 -0.03 -0.03  0.06 -0.02 -0.06 -0.18  0.14  0.05 -0.19  0.24
  0.07  0.11  0.37 -0.2  -0.19  0.41 -0.11 -0.2  -0.2  -0.01 -0.03  0.02
  0.01 -0.03  0.01  0.02 -0.02  0.01  0.01 -0.02  0.03  0.01  0.01 -0.02
  0.04 -0.02  0.02  0.01 -0.02 -0.01  0.03 -0.01 -0.13 -0.02  0.03  0.11
 -0.02 -0.27  0.12  0.14 -0.09  0.15 -0.27  0.25 -0.01 -0.01  0.03 -0.14
 -0.01 -0.01  0.01  0.01 -0.05 -0.04  0.07  0.07 -0.01 -0.01 -0.01 -0.
 -0.02 -0.01]
orbital number 55 energy 3.8610844959693904
[-0.04  0.01  0.01 -0.02  0.01  0.02  0.    0.02 -0.01 -0.01  0.02 -0.02
 -0.01 -0.01 -0.    0.    0.   -0.01  0.01  0.    0.    0.02 -0.33  0.19
  0.15 -0.36  0.16  0.18  0.23 -0.13 -0.11  0.25 -0.25 -0.08 -0.16  0.01
  0.01 -0.02  0.01  0.01 -0.02 -0.12  0.3  -0.12  0.01 -0.17  0.3  -0.
 -0.16  0.   -0.   -0.    0.01 -0.    0.   -0.02  0.1   0.14 -0.26  0.01
  0.14  0.1   0.01 -0.01  0.    0.   -0.   -0.   -0.07 -0.07  0.05  0.06
 -0.   -0.  ]
orbital number 56 energy 3.9205583983556314
[ 0.35 -0.01 -0.34  0.31 -0.   -0.31 -0.   -0.01  0.    0.   -0.01  0.01
  0.    0.01  0.01 -0.01 -0.    0.01 -0.   -0.01  0.    0.   -0.01  0.
  0.01 -0.01  0.    0.01  0.01 -0.01 -0.01  0.01 -0.01 -0.01 -0.01  0.33
 -0.38  0.01  0.37 -0.33  0.   -0.    0.01 -0.   -0.   -0.    0.01  0.
 -0.   -0.    0.    0.   -0.    0.   -0.    0.01  0.    0.01 -0.01 -0.
  0.01  0.   -0.13  0.13 -0.   -0.    0.   -0.   -0.   -0.    0.    0.
  0.14 -0.13]
orbital number 57 energy 3.9334487111686856
[ 0.37 -0.   -0.37  0.33 -0.   -0.33  0.    0.01 -0.   -0.    0.01 -0.
 -0.   -0.   -0.01  0.01 -0.   -0.01  0.    0.01 -0.    0.   -0.01  0.
  0.01 -0.01  0.    0.01  0.01 -0.01 -0.01  0.01 -0.01 -0.01 -0.01 -0.31
  0.35 -0.   -0.35  0.31  0.   -0.    0.01 -0.    0.   -0.    0.01 -0.
 -0.    0.   -0.   -0.    0.   -0.    0.   -0.    0.    0.01 -0.01  0.
  0.01  0.   -0.14  0.13  0.    0.   -0.    0.   -0.   -0.    0.    0.
 -0.13  0.13]
orbital number 58 energy 3.95676794495879
[-0.02  0.02 -0.02 -0.01  0.02 -0.01 -0.01  0.03 -0.   -0.02  0.03 -0.02
 -0.   -0.03  0.01 -0.05  0.03  0.01  0.01 -0.05  0.04  0.01 -0.01 -0.21
  0.2  -0.01 -0.19  0.22 -0.03  0.47 -0.39 -0.04  0.03  0.42 -0.44  0.01
  0.02 -0.03  0.02  0.01 -0.03 -0.    0.01 -0.    0.01 -0.    0.01  0.
 -0.01 -0.    0.    0.    0.01  0.   -0.   -0.02 -0.01 -0.02  0.03  0.01
 -0.01 -0.01  0.01  0.01  0.    0.01  0.02 -0.01  0.08 -0.08 -0.17  0.16
 -0.01 -0.01]
orbital number 59 energy 3.9580906274778234
[-0.01  0.01 -0.01 -0.01  0.01  0.   -0.    0.02 -0.   -0.01  0.02 -0.01
 -0.   -0.01  0.01 -0.05  0.04  0.01  0.01 -0.04  0.04  0.01 -0.02 -0.45
  0.41 -0.02 -0.39  0.46 -0.01 -0.22  0.2  -0.01  0.01 -0.2   0.23  0.01
  0.01 -0.01  0.01  0.   -0.02 -0.    0.01 -0.01  0.01 -0.01  0.01  0.
 -0.01 -0.    0.    0.    0.    0.   -0.   -0.01 -0.   -0.    0.01  0.01
 -0.   -0.    0.01  0.    0.    0.01  0.02 -0.02  0.16 -0.17  0.08 -0.08
 -0.   -0.  ]
orbital number 60 energy 3.9600109856067767
[-0.02  0.03 -0.02 -0.01  0.03 -0.01 -0.01  0.03  0.03 -0.06  0.03 -0.03
  0.03 -0.06  0.01 -0.5   0.43  0.02  0.01 -0.45  0.49  0.01 -0.02  0.07
 -0.05 -0.02  0.07 -0.06 -0.03 -0.01  0.03 -0.03  0.02 -0.01  0.04  0.
  0.02 -0.02  0.01  0.01 -0.03 -0.    0.01 -0.    0.02 -0.01  0.01  0.
 -0.01 -0.01  0.    0.01  0.01  0.   -0.01 -0.03 -0.01 -0.01  0.02  0.02
 -0.01 -0.01  0.01  0.01 -0.01  0.02  0.18 -0.18 -0.03  0.02  0.   -0.01
 -0.01 -0.  ]
orbital number 61 energy 3.963612516615783
[-0.01  0.01 -0.01 -0.    0.01 -0.   -0.    0.01  0.5  -0.46  0.02 -0.02
  0.44 -0.51 -0.01  0.05 -0.04 -0.01  0.01  0.05 -0.05  0.   -0.01  0.01
 -0.   -0.01  0.01 -0.   -0.01 -0.    0.01 -0.01  0.01 -0.    0.01  0.
  0.   -0.01  0.01  0.   -0.01 -0.    0.   -0.    0.01 -0.    0.   -0.
 -0.    0.   -0.   -0.    0.   -0.    0.   -0.02 -0.   -0.    0.01  0.01
 -0.   -0.    0.    0.   -0.18  0.19 -0.02  0.02 -0.    0.    0.   -0.
 -0.   -0.  ]
orbital number 62 energy 3.980175415567691
[-0.14  0.21 -0.16 -0.05  0.22 -0.07 -0.07  0.23 -0.15 -0.08  0.25 -0.19
 -0.14 -0.09  0.1   0.03 -0.12  0.11  0.07  0.   -0.11  0.07 -0.15  0.12
  0.04 -0.16  0.12  0.02 -0.21  0.07  0.13 -0.23  0.17  0.07  0.15  0.07
  0.15 -0.22  0.16  0.06 -0.23 -0.03  0.1  -0.03  0.11 -0.06  0.1   0.01
 -0.06 -0.04  0.02  0.03  0.06  0.03 -0.05 -0.19 -0.06 -0.1   0.17  0.11
 -0.1  -0.06  0.05  0.06  0.05  0.03 -0.01  0.04 -0.04 -0.01 -0.03 -0.05
 -0.05 -0.06]
orbital number 63 energy 4.251199435223516
[ 0.02  0.08  0.02 -0.1   0.11 -0.1  -0.25  0.27 -0.09 -0.16  0.29 -0.15
 -0.16 -0.09  0.19 -0.05 -0.13  0.21  0.03 -0.12 -0.06 -0.24  0.2  -0.07
 -0.12  0.22 -0.13 -0.06  0.24 -0.08 -0.15  0.27 -0.12 -0.14 -0.09 -0.1
  0.02  0.08  0.02 -0.1   0.11  0.02 -0.08  0.02  0.09  0.06 -0.09  0.01
  0.06 -0.05  0.01  0.03  0.03  0.03 -0.06 -0.14  0.03  0.08 -0.13  0.09
  0.08  0.03 -0.01 -0.01  0.03  0.03  0.02  0.02  0.02  0.02  0.03  0.03
 -0.01 -0.01]
orbital number 64 energy 4.573905666445349
[-0.15  0.32 -0.15 -0.12  0.33 -0.12  0.24 -0.15  0.02  0.11 -0.18  0.07
  0.11  0.02 -0.11  0.01  0.09 -0.14 -0.    0.09  0.01 -0.25  0.12 -0.02
 -0.1   0.15 -0.1  -0.02  0.15 -0.02 -0.11  0.18 -0.05 -0.11 -0.02  0.12
  0.16 -0.32  0.16  0.12 -0.32  0.   -0.03  0.   -0.05  0.03 -0.05 -0.
  0.03  0.02 -0.   -0.02 -0.   -0.02  0.03  0.05  0.    0.04 -0.07 -0.05
  0.04  0.    0.05  0.05 -0.01 -0.01 -0.   -0.    0.    0.01  0.01  0.01
 -0.05 -0.05]
orbital number 65 energy 6.035794840266151
[ 0.18 -0.18  0.18 -0.15  0.12 -0.15  0.    0.15 -0.15  0.13 -0.1   0.23
  0.14 -0.16  0.   -0.    0.   -0.    0.21  0.   -0.    0.01  0.02 -0.02
  0.02 -0.02  0.02 -0.02  0.12 -0.13  0.12 -0.09 -0.15  0.12 -0.13 -0.15
  0.18 -0.18  0.18 -0.16  0.12  0.03 -0.02  0.03 -0.22 -0.03  0.03  0.
 -0.03 -0.    0.   -0.    0.2  -0.    0.   -0.19  0.17 -0.18  0.19 -0.22
 -0.18  0.17 -0.05 -0.05  0.04  0.05  0.    0.    0.01  0.01  0.04  0.04
 -0.05 -0.05]
orbital number 66 energy 6.05843842213941
[-0.01  0.02 -0.01  0.    0.01  0.    0.02 -0.11  0.1  -0.08  0.06 -0.18
 -0.08  0.1   0.03 -0.04  0.04 -0.04 -0.16  0.04 -0.04 -0.03 -0.11  0.12
 -0.11  0.09 -0.11  0.12  0.16 -0.16  0.13 -0.09 -0.22  0.13 -0.16  0.02
 -0.02  0.01 -0.02  0.02 -0.03 -0.17  0.16 -0.18  0.17  0.19 -0.19  0.04
  0.19 -0.04  0.04 -0.05 -0.16 -0.05  0.05  0.15  0.24 -0.26  0.26  0.17
 -0.26  0.24  0.    0.   -0.03 -0.03  0.01  0.01 -0.04 -0.04  0.05  0.04
  0.01  0.01]
orbital number 67 energy 6.0753676725944725
[-0.12  0.11 -0.12  0.11 -0.09  0.1  -0.05  0.11 -0.1   0.07 -0.04  0.19
  0.07 -0.1  -0.09  0.11 -0.1   0.09  0.18 -0.1   0.11  0.01 -0.13  0.13
 -0.11  0.08 -0.11  0.13 -0.02  0.02 -0.01  0.01  0.03 -0.01  0.02  0.08
 -0.1   0.11 -0.11  0.08 -0.05 -0.23  0.22 -0.23 -0.18  0.24 -0.24 -0.16
  0.24  0.15 -0.16  0.17  0.17  0.16 -0.17 -0.17 -0.03  0.03 -0.03 -0.18
  0.03 -0.03  0.03  0.03  0.03  0.03 -0.03 -0.03 -0.04 -0.04 -0.   -0.
  0.03  0.03]
orbital number 68 energy 6.105748644532426
[ 0.02 -0.04  0.02 -0.01 -0.01 -0.   -0.03  0.04 -0.03  0.02 -0.    0.08
  0.02 -0.03  0.11 -0.11  0.08 -0.05  0.08  0.08 -0.1   0.05 -0.07  0.06
 -0.04  0.02 -0.04  0.06 -0.06  0.05 -0.03  0.01  0.12 -0.03  0.05 -0.05
  0.04 -0.03  0.04 -0.05  0.05 -0.16  0.16 -0.16 -0.08  0.17 -0.17  0.31
  0.17 -0.31  0.31 -0.32  0.08 -0.32  0.33 -0.08 -0.12  0.12 -0.13 -0.08
  0.12 -0.12 -0.01 -0.01  0.01  0.01  0.03  0.03 -0.02 -0.02 -0.01 -0.01
 -0.01 -0.01]
orbital number 69 energy 6.147421450494889
[-0.2   0.22 -0.2   0.16 -0.12  0.16 -0.08  0.04 -0.02 -0.01  0.03  0.13
 -0.01 -0.02 -0.    0.03 -0.04  0.06  0.13 -0.04  0.03 -0.09  0.03 -0.01
 -0.02  0.04 -0.02 -0.01  0.05 -0.02 -0.01  0.04 -0.16 -0.01 -0.02  0.17
 -0.2   0.22 -0.21  0.17 -0.13  0.16 -0.16  0.16 -0.13 -0.16  0.16  0.15
 -0.16 -0.16  0.15 -0.15  0.13 -0.15  0.15 -0.13  0.16 -0.16  0.16 -0.13
 -0.16  0.16  0.06  0.06  0.    0.   -0.01 -0.01  0.    0.    0.01  0.
  0.06  0.06]
orbital number 70 energy 6.335510807668916
[ 0.03 -0.02  0.03 -0.03  0.03 -0.03  0.03  0.15 -0.17  0.19 -0.22 -0.13
  0.19 -0.17 -0.3   0.32 -0.31  0.31 -0.15 -0.3   0.31  0.    0.01 -0.01
  0.01 -0.02  0.01 -0.01  0.01 -0.01  0.01 -0.01  0.01  0.01 -0.01  0.
  0.01 -0.02  0.01  0.   -0.01 -0.01  0.01 -0.01  0.13  0.01 -0.01  0.11
  0.01 -0.13  0.11 -0.1  -0.15 -0.1   0.1   0.18 -0.01  0.01 -0.01  0.13
  0.01 -0.01 -0.01 -0.01  0.05  0.05 -0.09 -0.09  0.    0.    0.    0.
 -0.   -0.  ]
orbital number 71 energy 6.3564994915541035
[ 0.   -0.    0.    0.   -0.    0.    0.    0.   -0.01  0.01 -0.01 -0.
  0.01 -0.01 -0.    0.   -0.    0.   -0.   -0.    0.    0.01 -0.25  0.27
 -0.27  0.29 -0.27  0.27  0.19 -0.21  0.22 -0.25  0.18  0.22 -0.21 -0.01
  0.01 -0.01  0.01 -0.01  0.01  0.15 -0.18  0.15  0.   -0.13  0.13  0.
 -0.13 -0.    0.   -0.   -0.   -0.    0.    0.   -0.15  0.13 -0.13  0.
  0.13 -0.15 -0.   -0.    0.    0.   -0.   -0.   -0.07 -0.08  0.06  0.06
 -0.   -0.  ]
orbital number 72 energy 6.438121125823507
[-0.09  0.06 -0.09  0.12 -0.17  0.12 -0.08  0.21 -0.2   0.2  -0.21 -0.08
  0.2  -0.2   0.14 -0.13  0.12 -0.12 -0.1   0.12 -0.13  0.08 -0.16  0.16
 -0.15  0.15 -0.15  0.16 -0.19  0.18 -0.18  0.19 -0.11 -0.18  0.18 -0.12
  0.09 -0.06  0.1  -0.13  0.17  0.06 -0.07  0.06  0.09 -0.05  0.05 -0.03
 -0.05  0.04 -0.03  0.02 -0.1   0.02 -0.02  0.13  0.09 -0.07  0.07  0.09
 -0.07  0.09  0.03  0.03  0.06  0.06  0.04  0.04 -0.04 -0.04 -0.05 -0.05
 -0.03 -0.03]
orbital number 73 energy 6.503244272793147
[ 0.09 -0.12  0.09 -0.06  0.04 -0.06  0.15 -0.23  0.21 -0.19  0.2   0.06
 -0.19  0.21 -0.18  0.16 -0.14  0.13  0.08 -0.14  0.16  0.15 -0.19  0.17
 -0.15  0.15 -0.15  0.17 -0.21  0.19 -0.18  0.18 -0.09 -0.18  0.19 -0.07
  0.09 -0.12  0.09 -0.07  0.05  0.05 -0.07  0.05 -0.07 -0.04  0.04  0.03
 -0.04 -0.04  0.03 -0.02  0.08 -0.02  0.02 -0.11  0.07 -0.06  0.05 -0.06
 -0.06  0.07 -0.02 -0.02 -0.06 -0.06 -0.04 -0.04 -0.05 -0.05 -0.05 -0.05
 -0.02 -0.03]
orbital number 74 energy 6.654969830377297
[-0.23  0.23 -0.24  0.26 -0.33  0.26  0.12 -0.11  0.09 -0.07  0.07  0.01
 -0.07  0.09 -0.09  0.07 -0.06  0.05  0.02 -0.06  0.07 -0.12  0.09 -0.08
  0.06 -0.06  0.06 -0.08  0.11 -0.09  0.07 -0.07  0.03  0.07 -0.08 -0.25
  0.23 -0.23  0.24 -0.26  0.33 -0.01  0.02 -0.01 -0.02  0.01 -0.01  0.01
  0.01 -0.01  0.01 -0.01  0.02 -0.01  0.01 -0.03 -0.02  0.02 -0.01 -0.02
  0.02 -0.02  0.06  0.06 -0.02 -0.02 -0.02 -0.02  0.02  0.02  0.02  0.02
 -0.06 -0.06]