&FCI NORB=54, NELEC=70, MS2=0,
 ORBSYM=1,1,1,1,1,1,1,1,1,1,1,1,1,1,1,1,1,1,1,1,1,1,1,1,1,1,1,1,1,1,1,1,1,1,1,1,1,1,1,1,1,1,1,1,1,1,1,1,1,1,1,1,1,1,
 ISYM=1,
&END
 8.4208384499999998e+00    1    1    1    1
 2.6643528702422858e+00    2    2    1    1
 8.4208384499999998e+00    2    2    2    2
 3.7585201905715482e+00    3    3    1    1
 3.7402694620739387e+00    3    3    2    2
 8.4208384499999998e+00    3    3    3    3
 2.6638853180651281e+00    4    4    1    1
 2.6633778293526280e+00    4    4    2    2
 3.7403622028864554e+00    4    4    3    3
 8.4208384499999998e+00    4    4    4    4
 2.7130032794093504e+00    5    5    1    1
 1.7572977222589177e+00    5    5    2    2
 1.9840443827109786e+00    5    5    3    3
 1.6220191382076188e+00    5    5    4    4
 8.4208384499999998e+00    5    5    5    5
 2.7130521933628362e+00    6    6    1    1
 1.6227974020019920e+00    6    6    2    2
 1.9839171523462538e+00    6    6    3    3
 1.7560030795263613e+00    6    6    4    4
 2.7650566516176265e+00    6    6    5    5
 8.4208384499999998e+00    6    6    6    6
 3.8066912025276540e+00    7    7    1    1
 2.3086156046727995e+00    7    7    2    2
 2.6707891316863859e+00    7    7    3    3
 2.0097698743622994e+00    7    7    4    4
 3.8587515531443919e+00    7    7    5    5
 2.5066951849423598e+00    7    7    6    6
 8.4208384499999998e+00    7    7    7    7
 2.0219957149295196e+00    8    8    1    1
 2.3015028034682294e+00    8    8    2    2
 2.6687978577423821e+00    8    8    3    3
 3.8139934275204217e+00    8    8    4    4
 1.3451330544342466e+00    8    8    5    5
 1.4881703206541010e+00    8    8    6    6
 1.6021060414810133e+00    8    8    7    7
 8.4208384499999998e+00    8    8    8    8
 2.4294959283768387e+00    9    9    1    1
 1.5400480610751106e+00    9    9    2    2
 1.7891755077191736e+00    9    9    3    3
 1.5389752989252867e+00    9    9    4    4
 3.8278091167781545e+00    9    9    5    5
 3.8278210298811937e+00    9    9    6    6
 2.7367270020648120e+00    9    9    7    7
 1.3030338479067876e+00    9    9    8    8
 8.4208384499999998e+00    9    9    9    9
 2.2989125930783945e+00   10   10    1    1
 2.0232180425651789e+00   10   10    2    2
 2.6716665264269674e+00   10   10    3    3
 3.8129396773985218e+00   10   10    4    4
 1.5627576813108848e+00   10   10    5    5
 1.6980835836245127e+00   10   10    6    6
 1.8583414146114714e+00   10   10    7    7
 2.7662786472501173e+00   10   10    8    8
 1.5038452692289022e+00   10   10    9    9
 8.4208384499999998e+00   10   10   10   10
 3.8066850136285071e+00   11   11    1    1
 2.0101218921731827e+00   11   11    2    2
 2.6704203950906042e+00   11   11    3    3
 2.3073376407259780e+00   11   11    4    4
 2.5065734796058394e+00   11   11    5    5
 3.8586493690753230e+00   11   11    6    6
 2.7716530740570038e+00   11   11    7    7
 1.8763121250231456e+00   11   11    8    8
 2.7366173338660684e+00   11   11    9    9
 2.1148113056191966e+00   11   11   10   10
 8.4208384499999998e+00   11   11   11   11
 1.6259093064803192e+00   12   12    1    1
 1.7544044145843654e+00   12   12    2    2
 1.9800140349175892e+00   12   12    3    3
 2.7135337360153287e+00   12   12    4    4
 1.1640416450695164e+00   12   12    5    5
 1.3016478762891328e+00   12   12    6    6
 1.3413662720077550e+00   12   12    7    7
 3.8497691047903300e+00   12   12    8    8
 1.1458161312517343e+00   12   12    9    9
 2.4954365723561414e+00   12   12   10   10
 1.5736591912931999e+00   12   12   11   11
 8.4208384499999998e+00   12   12   12   12
 2.0221799464677992e+00   13   13    1    1
 3.8139900123472126e+00   13   13    2    2
 2.6689131560274948e+00   13   13    3    3
 2.3016329553908554e+00   13   13    4    4
 1.4887790706875190e+00   13   13    5    5
 1.3453857424889908e+00   13   13    6    6
 1.8769613720579179e+00   13   13    7    7
 2.1010349678115805e+00   13   13    8    8
 1.3034626795316322e+00   13   13    9    9
 1.8811820029177269e+00   13   13   10   10
 1.6021690675394999e+00   13   13   11   11
 1.6950691459312770e+00   13   13   12   12
 8.4208384499999998e+00   13   13   13   13
 1.5510326882430308e+00   14   14    1    1
 1.5536740188165234e+00   14   14    2    2
 1.8031925716718449e+00   14   14    3    3
 2.4632089924933620e+00   14   14    4    4
 1.1487638976955861e+00   14   14    5    5
 1.2846967788572128e+00   14   14    6    6
 1.3045475036605461e+00   14   14    7    7
 2.7631002571059846e+00   14   14    8    8
 1.1372085633611382e+00   14   14    9    9
 2.7630070500788504e+00   14   14   10   10
 1.5214879859224399e+00   14   14   11   11
 3.8465530435503728e+00   14   14   12   12
 1.5213279959593451e+00   14   14   13   13
 8.4208384499999998e+00   14   14   14   14
 2.2993682463160794e+00   15   15    1    1
 3.8128813957971257e+00   15   15    2    2
 2.6714466950590423e+00   15   15    3    3
 2.0231947693227261e+00   15   15    4    4
 1.7004834577425201e+00   15   15    5    5
 1.5644353665337547e+00   15   15    6    6
 2.1164134532700243e+00   15   15    7    7
 1.8811119923003115e+00   15   15    8    8
 1.5061098398962534e+00   15   15    9    9
 1.6071019493864434e+00   15   15   10   10
 1.8591052551629970e+00   15   15   11   11
 1.4912000491831756e+00   15   15   12   12
 2.7662450525304489e+00   15   15   13   13
 1.3139547528327649e+00   15   15   14   14
 8.4208384499999998e+00   15   15   15   15
 1.7514379394718314e+00   16   16    1    1
 1.6281699279606749e+00   16   16    2    2
 1.9812079891122945e+00   16   16    3    3
 2.7135001592772547e+00   16   16    4    4
 1.2938280745924138e+00   16   16    5    5
 1.4325542539592393e+00   16   16    6    6
 1.4759892044045027e+00   16   16    7    7
 2.4956578809829555e+00   16   16    8    8
 1.2733020040763812e+00   16   16    9    9
 3.8502117915590781e+00   16   16   10   10
 1.7010415535384817e+00   16   16   11   11
 2.7443889173258817e+00   16   16   12   12
 1.5772549423131215e+00   16   16   13   13
 3.8463297421619220e+00   16   16   14   14
 1.3475040329585051e+00   16   16   15   15
 8.4208384499999998e+00   16   16   16   16
 1.6259923219525418e+00   17   17    1    1
 2.7135586676860375e+00   17   17    2    2
 1.9800638060386222e+00   17   17    3    3
 1.7546060240510311e+00   17   17    4    4
 1.3023234766042648e+00   17   17    5    5
 1.1644197745081222e+00   17   17    6    6
 1.5741075128896558e+00   17   17    7    7
 1.6953299421098751e+00   17   17    8    8
 1.1464003756611991e+00   17   17    9    9
 1.4912949807016600e+00   17   17   10   10
 1.3414893307513871e+00   17   17   11   11
 1.4334072174379000e+00   17   17   12   12
 3.8498222957151662e+00   17   17   13   13
 1.2877877080991933e+00   17   17   14   14
 2.4954307553473214e+00   17   17   15   15
 1.3056185750682574e+00   17   17   16   16
 8.4208384499999998e+00   17   17   17   17
 1.7515900410604690e+00   18   18    1    1
 2.7134663499100089e+00   18   18    2    2
 1.9811081766068175e+00   18   18    3    3
 1.6282604342668638e+00   18   18    4    4
 1.4343123725758999e+00   18   18    5    5
 1.2950432685139612e+00   18   18    6    6
 1.7019104967750018e+00   18   18    7    7
 1.5774113293974963e+00   18   18    8    8
 1.2750468957459280e+00   18   18    9    9
 1.3475392532403399e+00   18   18   10   10
 1.4764550928852314e+00   18   18   11   11
 1.3056640830417758e+00   18   18   12   12
 2.4956356307440437e+00   18   18   13   13
 1.1561633874118189e+00   18   18   14   14
 3.8501594439661058e+00   18   18   15   15
 1.1683143910636233e+00   18   18   16   16
 2.7443827209204721e+00   18   18   17   17
 8.4208384499999998e+00   18   18   18   18
 1.5511122913134496e+00   19   19    1    1
 2.4632355262673316e+00   19   19    2    2
 1.8031875624198228e+00   19   19    3    3
 1.5538503732047275e+00   19   19    4    4
 1.2857583159395809e+00   19   19    5    5
 1.1494630563843953e+00   19   19    6    6
 1.5220093608082270e+00   19   19    7    7
 1.5216134640963028e+00   19   19    8    8
 1.1382399937178118e+00   19   19    9    9
 1.3140337940119533e+00   19   19   10   10
 1.3048011525287098e+00   19   19   11   11
 1.2878894060961499e+00   19   19   12   12
 2.7631364888382985e+00   19   19   13   13
 1.1488121381183449e+00   19   19   14   14
 2.7630180067781498e+00   19   19   15   15
 1.1561734566583806e+00   19   19   16   16
 3.8465930874405769e+00   19   19   17   17
 3.8463495024895140e+00   19   19   18   18
 8.4208384499999998e+00   19   19   19   19
 1.1710664127941151e+00   20   20    1    1
 9.2219270056452873e-01   20   20    2    2
 9.9877053750645040e-01   20   20    3    3
 9.2166211149360888e-01   20   20    4    4
 1.5392496132450810e+00   20   20    5    5
 1.5392431247027338e+00   20   20    6    6
 1.2705925327152305e+00   20   20    7    7
 8.3361432520505718e-01   20   20    8    8
 1.7823165902624647e+00   20   20    9    9
 9.2630384622852946e-01   20   20   10   10
 1.2705726104595136e+00   20   20   11   11
 7.7301820337117599e-01   20   20   12   12
 8.3386958909391262e-01   20   20   13   13
 7.7833525062759434e-01   20   20   14   14
 9.2755166299539504e-01   20   20   15   15
 8.4554258328417131e-01   20   20   16   16
 7.7345261719232161e-01   20   20   17   17
 8.4679103916262755e-01   20   20   18   18
 7.7915183709798996e-01   20   20   19   19
 8.4208384499999998e+00   20   20   20   20
 9.2219624285077773e-01   21   21    1    1
 7.5448450316435356e-01   21   21    2    2
 8.1262797394279218e-01   21   21    3    3
 7.7023266437831395e-01   21   21    4    4
 1.1199651846537766e+00   21   21    5    5
 1.1581251595416460e+00   21   21    6    6
 9.7302419291741460e-01   21   21    7    7
 7.0917904242010465e-01   21   21    8    8
 1.2574472508425920e+00   21   21    9    9
 7.8351948416326411e-01   21   21   10   10
 9.9713052631575794e-01   21   21   11   11
 6.7106364905415516e-01   21   21   12   12
 6.9442396017699304e-01   21   21   13   13
 6.8152732473433963e-01   21   21   14   14
 7.5413647934012273e-01   21   21   15   15
 7.3355493760578105e-01   21   21   16   16
 6.4930143983255661e-01   21   21   17   17
 6.9768670906485686e-01   21   21   18   18
 6.5106886855147905e-01   21   21   19   19
 2.6643549591311078e+00   21   21   20   20
 8.4208384499999998e+00   21   21   21   21
 9.9877030180724125e-01   22   22    1    1
 8.1262454759399816e-01   22   22    2    2
 8.7067069968410626e-01   22   22    3    3
 8.1225688503963012e-01   22   22    4    4
 1.2595696304107555e+00   22   22    5    5
 1.2595996038967443e+00   22   22    6    6
 1.0725538570870263e+00   22   22    7    7
 7.4343714245403336e-01   22   22    8    8
 1.4116791799017563e+00   22   22    9    9
 8.1812235943153311e-01   22   22   10   10
 1.0725609377482395e+00   22   22   11   11
 6.9596181497200782e-01   22   22   12   12
 7.4362147445550930e-01   22   22   13   13
 7.0174043175880008e-01   22   22   14   14
 8.1898862748262136e-01   22   22   15   15
 7.5652170347262382e-01   22   22   16   16
 6.9627876964388336e-01   22   22   17   17
 7.5741812680756992e-01   22   22   18   18
 7.0233800692910520e-01   22   22   19   19
 3.7585165516268364e+00   22   22   20   20
 3.7402729066860814e+00   22   22   21   21
 8.4208384499999998e+00   22   22   22   22
 9.2165840568299418e-01   23   23    1    1
 7.7022625417808765e-01   23   23    2    2
 8.1225364471726569e-01   23   23    3    3
 7.5389634069676137e-01   23   23    4    4
 1.1572631585846751e+00   23   23    5    5
 1.1192590951775538e+00   23   23    6    6
 9.9647184824987944e-01   23   23    7    7
 6.9404322978619615e-01   23   23    8    8
 1.2565491454579898e+00   23   23    9    9
 7.5317397353265902e-01   23   23   10   10
 9.7244165062168397e-01   23   23   11   11
 6.4885784009867076e-01   23   23   12   12
 7.0909064018860435e-01   23   23   13   13
 6.5040854701132633e-01   23   23   14   14
 7.8393798200337317e-01   23   23   15   15
 6.9676254225802992e-01   23   23   16   16
 6.7113050905552563e-01   23   23   17   17
 7.3408348440912863e-01   23   23   18   18
 6.8184095206067030e-01   23   23   19   19
 2.6638810433181299e+00   23   23   20   20
 2.6633763106793236e+00   23   23   21   21
 3.7403581700252522e+00   23   23   22   22
 8.4208384499999998e+00   23   23   23   23
 1.5392489047011539e+00   24   24    1    1
 1.1199481390919872e+00   24   24    2    2
 1.2595695926673272e+00   24   24    3    3
 1.1572820341137502e+00   24   24    4    4
 1.9856989888304952e+00   24   24    5    5
 2.3965956889105708e+00   24   24    6    6
 1.6124460742972522e+00   24   24    7    7
 1.0319063510536173e+00   24   24    8    8
 2.6770551482427472e+00   24   24    9    9
 1.1574321813036628e+00   24   24   10   10
 1.7931972950785400e+00   24   24   11   11
 9.4509216375648031e-01   24   24   12   12
 9.8336132693550493e-01   24   24   13   13
 9.4862711392598698e-01   24   24   14   14
 1.1162516732740571e+00   24   24   15   15
 1.0387104731969512e+00   24   24   16   16
 8.9091535522367793e-01   24   24   17   17
 9.8595544298300153e-01   24   24   18   18
 8.9278012227004422e-01   24   24   19   19
 2.7130050110341344e+00   24   24   20   20
 1.7573019129154690e+00   24   24   21   21
 1.9840451889090680e+00   24   24   22   22
 1.6220187007928002e+00   24   24   23   23
 8.4208384499999998e+00   24   24   24   24
 1.5392423614149764e+00   25   25    1    1
 1.1581349274813524e+00   25   25    2    2
 1.2595994031985773e+00   25   25    3    3
 1.1192493755950015e+00   25   25    4    4
 2.3965950834176408e+00   25   25    5    5
 1.9857031841165784e+00   25   25    6    6
 1.7932196642304099e+00   25   25    7    7
 9.8307935592961893e-01   25   25    8    8
 2.6770574417512649e+00   25   25    9    9
 1.1145980797558583e+00   25   25   10   10
 1.6124090143121856e+00   25   25   11   11
 8.9043227752612608e-01   25   25   12   12
 1.0323165299148900e+00   25   25   13   13
 8.9185370645271900e-01   25   25   14   14
 1.1593556884805765e+00   25   25   15   15
 9.8445635553760169e-01   25   25   16   16
 9.4572447753017319e-01   25   25   17   17
 1.0405126698155616e+00   25   25   18   18
 9.4977619454979734e-01   25   25   19   19
 2.7130541779796018e+00   25   25   20   20
 1.6228029702125073e+00   25   25   21   21
 1.9839166760075000e+00   25   25   22   22
 1.7559941636323213e+00   25   25   23   23
 2.7650561701167908e+00   25   25   24   24
 8.4208384499999998e+00   25   25   25   25
 1.2705919671631629e+00   26   26    1    1
 9.7301200807501054e-01   26   26    2    2
 1.0725537549780004e+00   26   26    3    3
 9.9648476840851086e-01   26   26    4    4
 1.6124461405331798e+00   26   26    5    5
 1.7932195945083076e+00   26   26    6    6
 1.3394438104606521e+00   26   26    7    7
 9.0161038191550236e-01   26   26    8    8
 1.9892499289731602e+00   26   26    9    9
 1.0014098959134603e+00   26   26   10   10
 1.4325409289369975e+00   26   26   11   11
 8.3605853780921091e-01   26   26   12   12
 8.6934952742823268e-01   26   26   13   13
 8.4168488611378067e-01   26   26   14   14
 9.7521287300106607e-01   26   26   15   15
 9.1411213653738810e-01   26   26   16   16
 7.9852296300472092e-01   26   26   17   17
 8.7840273763741228e-01   26   26   18   18
 8.0268983562198826e-01   26   26   19   19
 3.8066955872458568e+00   26   26   20   20
 2.3086195270850043e+00   26   26   21   21
 2.6707922283992649e+00   26   26   22   22
 2.0097734173783937e+00   26   26   23   23
 3.8587502777091447e+00   26   26   24   24
 2.5066955245731823e+00   26   26   25   25
 8.4208384499999998e+00   26   26   26   26
 8.3361251163027861e-01   27   27    1    1
 7.0917809341541915e-01   27   27    2    2
 7.4343560221518801e-01   27   27    3    3
 6.9404110956898479e-01   27   27    4    4
 1.0318993770531661e+00   27   27    5    5
 9.8308203351928636e-01   27   27    6    6
 9.0160538390960288e-01   27   27    7    7
 6.4084851449772851e-01   27   27    8    8
 1.0962243470497806e+00   27   27    9    9
 6.9672982604979361e-01   27   27   10   10
 8.6909765501990133e-01   27   27   11   11
 6.0237378593454549e-01   27   27   12   12
 6.5998606015211481e-01   27   27   13   13
 6.0588509772735488e-01   27   27   14   14
 7.1886269203574238e-01   27   27   15   15
 6.4846364685065760e-01   27   27   16   16
 6.2794147222595542e-01   27   27   17   17
 6.7851098177766600e-01   27   27   18   18
 6.3609754981131783e-01   27   27   19   19
 2.0219935372489264e+00   27   27   20   20
 2.3014980268689924e+00   27   27   21   21
 2.6687966520340320e+00   27   27   22   22
 3.8139938798213837e+00   27   27   23   23
 1.3451326418090301e+00   27   27   24   24
 1.4881663789101538e+00   27   27   25   25
 1.6021071588782949e+00   27   27   26   26
 8.4208384499999998e+00   27   27   27   27
 1.7823155036984615e+00   28   28    1    1
 1.2574424522411898e+00   28   28    2    2
 1.4116789839042740e+00   28   28    3    3
 1.2565532416561775e+00   28   28    4    4
 2.6770549688043292e+00   28   28    5    5
 2.6770574363361055e+00   28   28    6    6
 1.9892499047141261e+00   28   28    7    7
 1.0962262030965955e+00   28   28    8    8
 3.7283808115693140e+00   28   28    9    9
 1.2481152621092984e+00   28   28   10   10
 1.9892014566519058e+00   28   28   11   11
 9.8749487922022061e-01   28   28   12   12
 1.0966059726795427e+00   28   28   13   13
 9.8767922956471599e-01   28   28   14   14
 1.2501271677319679e+00   28   28   15   15
 1.0936631226784437e+00   28   28   16   16
 9.8807954885191474e-01   28   28   17   17
 1.0954182734740652e+00   28   28   18   18
 9.8875566967486594e-01   28   28   19   19
 2.4294979331017164e+00   28   28   20   20
 1.5400533946543711e+00   28   28   21   21
 1.7891757980272329e+00   28   28   22   22
 1.5389709298568754e+00   28   28   23   23
 3.8278085269775897e+00   28   28   24   24
 3.8278213210947749e+00   28   28   25   25
 2.7367270615472301e+00   28   28   26   26
 1.3030319160312789e+00   28   28   27   27
 8.4208384499999998e+00   28   28   28   28
 9.2629529253918974e-01   29   29    1    1
 7.8350343098312658e-01   29   29    2    2
 8.1811449398648206e-01   29   29    3    3
 7.5317424092933827e-01   29   29    4    4
 1.1573849899984174e+00   29   29    5    5
 1.1146234482323119e+00   29   29    6    6
 1.0013770336350636e+00   29   29    7    7
 6.9673518018213010e-01   29   29    8    8
 1.2481060821103942e+00   29   29    9    9
 7.4300564942452230e-01   29   29   10   10
 9.7386175795369689e-01   29   29   11   11
 6.4789417795873516e-01   29   29   12   12
 7.1843614909425790e-01   29   29   13   13
 6.4351323236067437e-01   29   29   14   14
 8.0868667062753641e-01   29   29   15   15
 6.8488101168615467e-01   29   29   16   16
 6.8419522563943980e-01   29   29   17   17
 7.6146787220875622e-01   29   29   18   18
 7.0230377868745664e-01   29   29   19   19
 2.2989102203644731e+00   29   29   20   20
 2.0232204579626680e+00   29   29   21   21
 2.6716660368804890e+00   29   29   22   22
 3.8129417553710367e+00   29   29   23   23
 1.5627576115972333e+00   29   29   24   24
 1.6980660059654566e+00   29   29   25   25
 1.8583482535207707e+00   29   29   26   26
 2.7662788000373979e+00   29   29   27   27
 1.5038363632043212e+00   29   29   28   28
 8.4208384499999998e+00   29   29   29   29
 1.2705721906732619e+00   30   30    1    1
 9.9713552871333511e-01   30   30    2    2
 1.0725608748339097e+00   30   30    3    3
 9.7243646796141225e-01   30   30    4    4
 1.7931972538004042e+00   30   30    5    5
 1.6124091143533184e+00   30   30    6    6
 1.4325411356919178e+00   30   30    7    7
 8.6909629452482795e-01   30   30    8    8
 1.9892016669773116e+00   30   30    9    9
 9.7384768813380052e-01   30   30   10   10
 1.3393963751517632e+00   30   30   11   11
 7.9808218607948544e-01   30   30   12   12
 9.0193357365844162e-01   30   30   13   13
 8.0184801354416235e-01   30   30   14   14
 1.0029202645036495e+00   30   30   15   15
 8.7708526628194727e-01   30   30   16   16
 8.3659030244857846e-01   30   30   17   17
 9.1561566310654363e-01   30   30   18   18
 8.4266948647872941e-01   30   30   19   19
 3.8066849761345085e+00   30   30   20   20
 2.0101262632409109e+00   30   30   21   21
 2.6704177658185508e+00   30   30   22   22
 2.3073239128705305e+00   30   30   23   23
 2.5065726491734441e+00   30   30   24   24
 3.8586507201969482e+00   30   30   25   25
 2.7716528275498575e+00   30   30   26   26
 1.8763065411808941e+00   30   30   27   27
 2.7366176231449240e+00   30   30   28   28
 2.1147902215665897e+00   30   30   29   29
 8.4208384499999998e+00   30   30   30   30
 7.7301472338706123e-01   31   31    1    1
 6.7106056399418679e-01   31   31    2    2
 6.9595856180483828e-01   31   31    3    3
 6.4885452493202667e-01   31   31    4    4
 9.4507718420468956e-01   31   31    5    5
 8.9043857504930346e-01   31   31    6    6
 8.3604730335335142e-01   31   31    7    7
 6.0237426965310303e-01   31   31    8    8
 9.8749150012747389e-01   31   31    9    9
 6.4788608133929793e-01   31   31   10   10
 7.9808576770640427e-01   31   31   11   11
 5.6631034427158533e-01   31   31   12   12
 6.2782767070435330e-01   31   31   13   13
 5.6731158547361427e-01   31   31   14   14
 6.8441012575782290e-01   31   31   15   15
 6.0396321126641184e-01   31   31   16   16
 6.0234594470582092e-01   31   31   17   17
 6.5232665787052313e-01   31   31   18   18
 6.1314265213279895e-01   31   31   19   19
 1.6259074484763718e+00   31   31   20   20
 1.7544023846889110e+00   31   31   21   21
 1.9800132140339546e+00   31   31   22   22
 2.7135342777245497e+00   31   31   23   23
 1.1640410747157401e+00   31   31   24   24
 1.3016417449297131e+00   31   31   25   25
 1.3413675663273605e+00   31   31   26   26
 3.8497679479924019e+00   31   31   27   27
 1.1458129640188657e+00   31   31   28   28
 2.4954368886427054e+00   31   31   29   29
 1.5736521229274250e+00   31   31   30   30
 8.4208384499999998e+00   31   31   31   31
 8.3387145423877407e-01   32   32    1    1
 6.9441956055974952e-01   32   32    2    2
 7.4362332200927161e-01   32   32    3    3
 7.0909883215585157e-01   32   32    4    4
 9.8336756969695038e-01   32   32    5    5
 1.0323145262183719e+00   32   32    6    6
 8.6935433210317226e-01   32   32    7    7
 6.5998914843918632e-01   32   32    8    8
 1.0966086416280276e+00   32   32    9    9
 7.1845629132995181e-01   32   32   10   10
 9.0193276391713129e-01   32   32   11   11
 6.2783471422463433e-01   32   32   12   12
 6.4108611575589358e-01   32   32   13   13
 6.3579456307328386e-01   32   32   14   14
 6.9740781240651439e-01   32   32   15   15
 6.7803182025212538e-01   32   32   16   16
 6.0267672741222833e-01   32   32   17   17
 6.4914063748382389e-01   32   32   18   18
 6.0636460594230368e-01   32   32   19   19
 2.0221814416489257e+00   32   32   20   20
 3.8139905484078156e+00   32   32   21   21
 2.6689149380923225e+00   32   32   22   22
 2.3016348252080290e+00   32   32   23   23
 1.4887828126464899e+00   32   32   24   24
 1.3453879918149358e+00   32   32   25   25
 1.8769663050101910e+00   32   32   26   26
 2.1010328015824751e+00   32   32   27   27
 1.3034656585320481e+00   32   32   28   28
 1.8811871109550120e+00   32   32   29   29
 1.6021702437357970e+00   32   32   30   30
 1.6950693428727486e+00   32   32   31   31
 8.4208384499999998e+00   32   32   32   32
 7.7832883094735927e-01   33   33    1    1
 6.8151798643749417e-01   33   33    2    2
 7.0173421025254590e-01   33   33    3    3
 6.5040535089409646e-01   33   33    4    4
 9.4859689993826568e-01   33   33    5    5
 8.9186757275220918e-01   33   33    6    6
 8.4166199924897678e-01   33   33    7    7
 6.0588758257075759e-01   33   33    8    8
 9.8767322398935509e-01   33   33    9    9
 6.4350554797114101e-01   33   33   10   10
 8.0185625986584930e-01   33   33   11   11
 5.6731470769599723e-01   33   33   12   12
 6.3577931118025099e-01   33   33   13   13
 5.6443685628584717e-01   33   33   14   14
 7.0226172987339408e-01   33   33   15   15
 5.9811265541046821e-01   33   33   16   16
 6.1296599902535731e-01   33   33   17   17
 6.7255585444663757e-01   33   33   18   18
 6.2901552269570127e-01   33   33   19   19
 1.5510308577940870e+00   33   33   20   20
 1.5536739733389915e+00   33   33   21   21
 1.8031919922773143e+00   33   33   22   22
 2.4632096369321625e+00   33   33   23   23
 1.1487633192051054e+00   33   33   24   24
 1.2846866529928376e+00   33   33   25   25
 1.3045498464613321e+00   33   33   26   26
 2.7630993294280879e+00   33   33   27   27
 1.1372032719826866e+00   33   33   28   28
 2.7630075100253815e+00   33   33   29   29
 1.5214774847780079e+00   33   33   30   30
 3.8465521944260113e+00   33   33   31   31
 1.5213305756748365e+00   33   33   32   32
 8.4208384499999998e+00   33   33   33   33
 9.2756043501753804e-01   34   34    1    1
 7.5414515111429614e-01   34   34    2    2
 8.1899697342183619e-01   34   34    3    3
 7.8394449200607574e-01   34   34    4    4
 1.1162937850167154e+00   34   34    5    5
 1.1593290869023949e+00   34   34    6    6
 9.7524336202311546e-01   34   34    7    7
 7.1886038985957723e-01   34   34    8    8
 1.2501376681134766e+00   34   34    9    9
 8.0870357295357476e-01   34   34   10   10
 1.0029061926236869e+00   34   34   11   11
 6.8440780631980580e-01   34   34   12   12
 6.9742303900703173e-01   34   34   13   13
 7.0226571160921514e-01   34   34   14   14
 7.4429704149407616e-01   34   34   15   15
 7.6126909748675942e-01   34   34   16   16
 6.4857792985906459e-01   34   34   17   17
 6.8604419030604968e-01   34   34   18   18
 6.4438948933670548e-01   34   34   19   19
 2.2993709593721654e+00   34   34   20   20
 3.8128793542704882e+00   34   34   21   21
 2.6714476333753279e+00   34   34   22   22
 2.0231911517407286e+00   34   34   23   23
 1.7004895712924328e+00   34   34   24   24
 1.5644471513388161e+00   34   34   25   25
 2.1164149493763524e+00   34   34   26   26
 1.8811051065645483e+00   34   34   27   27
 1.5061205031427876e+00   34   34   28   28
 1.6071017986752867e+00   34   34   29   29
 1.8591143973172159e+00   34   34   30   30
 1.4911956475164263e+00   34   34   31   31
 2.7662440464569480e+00   34   34   32   32
 1.3139525670317203e+00   34   34   33   33
 8.4208384499999998e+00   34   34   34   34
 8.4553336580094607e-01   35   35    1    1
 7.3353868436209335e-01   35   35    2    2
 7.5651287395029565e-01   35   35    3    3
 6.9676077265657876e-01   35   35    4    4
 1.0386635579355179e+00   35   35    5    5
 9.8447959090482984e-01   35   35    6    6
 9.1407756092121661e-01   35   35    7    7
 6.4846857407439262e-01   35   35    8    8
 1.0936541767344374e+00   35   35    9    9
 6.8487651320067489e-01   35   35   10   10
 8.7709888895259658e-01   35   35   11   11
 6.0397028329115476e-01   35   35   12   12
 6.7800923449817097e-01   35   35   13   13
 5.9811758245693258e-01   35   35   14   14
 7.6125535364145991e-01   35   35   15   15
 6.3330352698421588e-01   35   35   16   16
 6.5201293173980823e-01   35   35   17   17
 7.2579155462400602e-01   35   35   18   18
 6.7244873502590596e-01   35   35   19   19
 1.7514359615027104e+00   35   35   20   20
 1.6281711741467015e+00   35   35   21   21
 1.9812074922695841e+00   35   35   22   22
 2.7135012091820112e+00   35   35   23   23
 1.2938275701919519e+00   35   35   24   24
 1.4325391445737270e+00   35   35   25   25
 1.4759933416117945e+00   35   35   26   26
 2.4956580196746945e+00   35   35   27   27
 1.2732940630348470e+00   35   35   28   28
 3.8502111456225623e+00   35   35   29   29
 1.7010261139486318e+00   35   35   30   30
 2.7443899364067272e+00   35   35   31   31
 1.5772589527147041e+00   35   35   32   32
 3.8463326282544172e+00   35   35   33   33
 1.3475032227622690e+00   35   35   34   34
 8.4208384499999998e+00   35   35   35   35
 7.7345619057838066e-01   36   36    1    1
 6.4929950397948655e-01   36   36    2    2
 6.9628233573511999e-01   36   36    3    3
 6.7113975772187917e-01   36   36    4    4
 8.9092778227076486e-01   36   36    5    5
 9.4571815616179855e-01   36   36    6    6
 7.9853284027958504e-01   36   36    7    7
 6.2794395619688193e-01   36   36    8    8
 9.8808360557704211e-01   36   36    9    9
 6.8421833323186143e-01   36   36   10   10
 8.3658702816352504e-01   36   36   11   11
 6.0235235855615887e-01   36   36   12   12
 6.0268033483477834e-01   36   36   13   13
 6.1298221913824280e-01   36   36   14   14
 6.4856446422809200e-01   36   36   15   15
 6.5203845472573196e-01   36   36   16   16
 5.6665186828268455e-01   36   36   17   17
 6.0461711355563030e-01   36   36   18   18
 5.6779458384668036e-01   36   36   19   19
 1.6259935404899337e+00   36   36   20   20
 2.7135582482097962e+00   36   36   21   21
 1.9800643651517043e+00   36   36   22   22
 1.7546058091423593e+00   36   36   23   23
 1.3023274926676538e+00   36   36   24   24
 1.1644230065969532e+00   36   36   25   25
 1.5741111964453329e+00   36   36   26   26
 1.6953263120509123e+00   36   36   27   27
 1.1464043273738691e+00   36   36   28   28
 1.4912976399767361e+00   36   36   29   29
 1.3414911457419376e+00   36   36   30   30
 1.4334056306763860e+00   36   36   31   31
 3.8498199753410418e+00   36   36   32   32
 1.2877886254025588e+00   36   36   33   33
 2.4954301583230443e+00   36   36   34   34
 1.3056208199055039e+00   36   36   35   35
 8.4208384499999998e+00   36   36   36   36
 8.4680050825066189e-01   37   37    1    1
 6.9769573089187731e-01   37   37    2    2
 7.5742741706188677e-01   37   37    3    3
 7.3409182760349123e-01   37   37    4    4
 9.8599508661684288e-01   37   37    5    5
 1.0404871309950061e+00   37   37    6    6
 8.7843332168873067e-01   37   37    7    7
 6.7850877301456824e-01   37   37    8    8
 1.0954283043226147e+00   37   37    9    9
 7.6148981376788416e-01   37   37   10   10
 9.1560150083619418e-01   37   37   11   11
 6.5232479075122185e-01   37   37   12   12
 6.4915753843567181e-01   37   37   13   13
 6.7256258016450388e-01   37   37   14   14
 6.8604285636640316e-01   37   37   15   15
 7.2581084855392386e-01   37   37   16   16
 6.0463179944703493e-01   37   37   17   17
 6.3434448011478983e-01   37   37   18   18
 5.9892432792694583e-01   37   37   19   19
 1.7515925725490298e+00   37   37   20   20
 2.7134675443307303e+00   37   37   21   21
 1.9811097731038847e+00   37   37   22   22
 1.6282589315210332e+00   37   37   23   23
 1.4343182811482085e+00   37   37   24   24
 1.2950526289762712e+00   37   37   25   25
 1.7019128381820570e+00   37   37   26   26
 1.5774064218962938e+00   37   37   27   27
 1.2750561786232031e+00   37   37   28   28
 1.3475400686132255e+00   37   37   29   29
 1.4764615916823820e+00   37   37   30   30
 1.3056606383186538e+00   37   37   31   31
 2.4956363170175440e+00   37   37   32   32
 1.1561620648208792e+00   37   37   33   33
 3.8501623105010085e+00   37   37   34   34
 1.1683144772069134e+00   37   37   35   35
 2.7443836887522020e+00   37   37   36   36
 8.4208384499999998e+00   37   37   37   37
 7.7915850484392934e-01   38   38    1    1
 6.5107245973205918e-01   38   38    2    2
 7.0234466471897627e-01   38   38    3    3
 6.8185042128563145e-01   38   38    4    4
 8.9280499570487426e-01   38   38    5    5
 9.4976113013432828e-01   38   38    6    6
 8.0270966722873793e-01   38   38    7    7
 6.3609791905348556e-01   38   38    8    8
 9.8876257932073619e-01   38   38    9    9
 7.0232801346640028e-01   38   38   10   10
 8.4266112941972571e-01   38   38   11   11
 6.1314542906115166e-01   38   38   12   12
 6.0637520685568558e-01   38   38   13   13
 6.2902846727997341e-01   38   38   14   14
 6.4438182524213283e-01   38   38   15   15
 6.7247342871016458e-01   38   38   16   16
 5.6780221466349368e-01   38   38   17   17
 5.9891677257312470e-01   38   38   18   18
 5.6505450773329668e-01   38   38   19   19
 1.5511142152881601e+00   38   38   20   20
 2.4632361028811904e+00   38   38   21   21
 1.8031886616365207e+00   38   38   22   22
 1.5538495015568037e+00   38   38   23   23
 1.2857633836934226e+00   38   38   24   24
 1.1494688788699132e+00   38   38   25   25
 1.5220126323048391e+00   38   38   26   26
 1.5216091334150830e+00   38   38   27   27
 1.1382463482979648e+00   38   38   28   28
 1.3140353045842992e+00   38   38   29   29
 1.3048049203088243e+00   38   38   30   30
 1.2878865893516951e+00   38   38   31   31
 2.7631366786014833e+00   38   38   32   32
 1.1488116407086151e+00   38   38   33   33
 2.7630184792466341e+00   38   38   34   34
 1.1561743751075975e+00   38   38   35   35
 3.8465949958489420e+00   38   38   36   36
 3.8463502849246018e+00   38   38   37   37
 8.4208384499999998e+00   38   38   38   38
 3.4603913065296923e+00   39   39    1    1
 3.2642708057171599e+00   39   39    2    2
 3.2060054981771064e+00   39   39    3    3
 2.5578776378605221e+00   39   39    4    4
 3.5294687490679388e+00   39   39    5    5
 2.4854783716814017e+00   39   39    6    6
 4.4698742708277956e+00   39   39    7    7
 2.1340146044437227e+00   39   39    8    8
 2.7058778545001583e+00   39   39    9    9
 2.3960538288646331e+00   39   39   10   10
 2.6943921919937206e+00   39   39   11   11
 1.8302677229314663e+00   39   39   12   12
 2.9921606335619844e+00   39   39   13   13
 1.7824991106011319e+00   39   39   14   14
 2.9779722115564518e+00   39   39   15   15
 1.9807570782811001e+00   39   39   16   16
 2.6155447015120279e+00   39   39   17   17
 2.6075976313041345e+00   39   39   18   18
 2.4792784873298150e+00   39   39   19   19
 1.6301130649410014e+00   39   39   20   20
 1.3010423738172021e+00   39   39   21   21
 1.4238147036440139e+00   39   39   22   22
 1.3555772771418255e+00   39   39   23   23
 1.8911925071998628e+00   39   39   24   24
 2.1909057758644370e+00   39   39   25   25
 1.6595099692649979e+00   39   39   26   26
 1.2559703062732044e+00   39   39   27   27
 2.2458211203700591e+00   39   39   28   28
 1.3642116156768960e+00   39   39   29   29
 1.8415238268588490e+00   39   39   30   30
 1.1850610105282133e+00   39   39   31   31
 1.1754183934684670e+00   39   39   32   32
 1.1937963137978838e+00   39   39   33   33
 1.3054602700018778e+00   39   39   34   34
 1.2751104632276336e+00   39   39   35   35
 1.0885645281913916e+00   39   39   36   36
 1.1893930007875444e+00   39   39   37   37
 1.0948685864828538e+00   39   39   38   38
 9.6429912899999994e+00   39   39   39   39
 2.5856648959188311e+00   40   40    1    1
 3.2388849377871072e+00   40   40    2    2
 3.2129829098849547e+00   40   40    3    3
 3.4664586794427761e+00   40   40    4    4
 1.8472230327879111e+00   40   40    5    5
 2.0048088322033970e+00   40   40    6    6
 2.1493994755811578e+00   40   40    7    7
 4.4735530577284042e+00   40   40    8    8
 1.7916472158167656e+00   40   40    9    9
 2.6947883777423085e+00   40   40   10   10
 2.4249600470799209e+00   40   40   11   11
 3.5248817123120504e+00   40   40   12   12
 2.9234320300181826e+00   40   40   13   13
 2.7171620670635566e+00   40   40   14   14
 2.9983359326067847e+00   40   40   15   15
 2.4792795869995943e+00   40   40   16   16
 2.5660654676664323e+00   40   40   17   17
 2.6129545677318831e+00   40   40   18   18
 2.4578675958610736e+00   40   40   19   19
 1.2021731187332894e+00   40   40   20   20
 1.0277271213240238e+00   40   40   21   21
 1.0818712581225383e+00   40   40   22   22
 1.0227946250657642e+00   40   40   23   23
 1.4580300599166072e+00   40   40   24   24
 1.3978619548561046e+00   40   40   25   25
 1.2910540494799665e+00   40   40   26   26
 9.4539374262150211e-01   40   40   27   27
 1.5393869112238570e+00   40   40   28   28
 1.0392153313000585e+00   40   40   29   29
 1.2496978700488377e+00   40   40   30   30
 8.9670361000669196e-01   40   40   31   31
 9.6544003795768085e-01   40   40   32   32
 9.0994999533197884e-01   40   40   33   33
 1.0286047915510306e+00   40   40   34   34
 9.7609792908832449e-01   40   40   35   35
 9.1683741339650782e-01   40   40   36   36
 9.7085641472679762e-01   40   40   37   37
 9.1964320961183699e-01   40   40   38   38
 2.6427517643901046e+00   40   40   39   39
 9.6429912899999994e+00   40   40   40   40
 3.4601829570305744e+00   41   41    1    1
 2.5571081642061562e+00   41   41    2    2
 3.2052605681723700e+00   41   41    3    3
 3.2637554412800855e+00   41   41    4    4
 2.4853734889121450e+00   41   41    5    5
 3.5295279612269845e+00   41   41    6    6
 2.6942640350374942e+00   41   41    7    7
 2.9911271131362565e+00   41   41    8    8
 2.7058761434936986e+00   41   41    9    9
 2.9786270059883235e+00   41   41   10   10
 4.4698395309741752e+00   41   41   11   11
 2.6155282041052073e+00   41   41   12   12
 2.1335734601027769e+00   41   41   13   13
 2.4800443290965619e+00   41   41   14   14
 2.3950873934261092e+00   41   41   15   15
 2.6086771969973506e+00   41   41   16   16
 1.8299167166805810e+00   41   41   17   17
 1.9801128932266812e+00   41   41   18   18
 1.7820837138879275e+00   41   41   19   19
 1.6301473877851522e+00   41   41   20   20
 1.3564357859682572e+00   41   41   21   21
 1.4238763986067298e+00   41   41   22   22
 1.3004177466669251e+00   41   41   23   23
 2.1910215390449719e+00   41   41   24   24
 1.8912156691547060e+00   41   41   25   25
 1.8416129739764533e+00   41   41   26   26
 1.1751542443757481e+00   41   41   27   27
 2.2458740192898965e+00   41   41   28   28
 1.3039026564776908e+00   41   41   29   29
 1.6595112149861830e+00   41   41   30   30
 1.0880439174343648e+00   41   41   31   31
 1.2564523012208106e+00   41   41   32   32
 1.0938409021967679e+00   41   41   33   33
 1.3661385725436008e+00   41   41   34   34
 1.1878168997198848e+00   41   41   35   35
 1.1858462626662452e+00   41   41   36   36
 1.2771553408561851e+00   41   41   37   37
 1.1952107929916891e+00   41   41   38   38
 2.7963245155707841e+00   41   41   39   39
 3.4795758997834603e+00   41   41   40   40
 9.6429912899999994e+00   41   41   41   41
 3.2413553875868035e+00   42   42    1    1
 2.5843326179316994e+00   42   42    2    2
 3.2182139915682053e+00   42   42    3    3
 3.4655638319610178e+00   42   42    4    4
 2.5779267148163418e+00   42   42    5    5
 2.5856472885835116e+00   42   42    6    6
 2.9489810854584575e+00   42   42    7    7
 2.6946051586889119e+00   42   42    8    8
 2.4334069873438526e+00   42   42    9    9
 4.4734654666608602e+00   42   42   10   10
 2.9622929447044051e+00   42   42   11   11
 2.4790019899420219e+00   42   42   12   12
 2.4361072067560547e+00   42   42   13   13
 2.7169833527572802e+00   42   42   14   14
 2.1450820259923455e+00   42   42   15   15
 3.5249390570435195e+00   42   42   16   16
 2.0087384356910429e+00   42   42   17   17
 1.8421503371489634e+00   42   42   18   18
 1.8001885093363985e+00   42   42   19   19
 1.5192399784472581e+00   42   42   20   20
 1.2805600801576347e+00   42   42   21   21
 1.3386942787640992e+00   42   42   22   22
 1.2287622632478816e+00   42   42   23   23
 1.8607257641489017e+00   42   42   24   24
 1.8580471517851695e+00   42   42   25   25
 1.6192478514951636e+00   42   42   26   26
 1.1425150405048456e+00   42   42   27   27
 2.0446686460742383e+00   42   42   28   28
 1.1992658797339191e+00   42   42   29   29
 1.6173838745377263e+00   42   42   30   30
 1.0582379237363011e+00   42   42   31   31
 1.1621873251245987e+00   42   42   32   32
 1.0429015775047450e+00   42   42   33   33
 1.3341585061423462e+00   42   42   34   34
 1.1030329329861908e+00   42   42   35   35
 1.1048794812746958e+00   42   42   36   36
 1.2501109023788077e+00   42   42   37   37
 1.1409394850049503e+00   42   42   38   38
 3.4404783315213399e+00   42   42   39   39
 2.8018603838292004e+00   42   42   40   40
 3.3823047509674962e+00   42   42   41   41
 9.6429912899999994e+00   42   42   42   42
 2.5858403540054504e+00   43   43    1    1
 3.4664897483175308e+00   43   43    2    2
 3.2132029222737044e+00   43   43    3    3
 3.2386722109441104e+00   43   43    4    4
 2.0046420320958629e+00   43   43    5    5
 1.8467495611919673e+00   43   43    6    6
 2.4253728950864666e+00   43   43    7    7
 2.9228017117604388e+00   43   43    8    8
 1.7911730613741526e+00   43   43    9    9
 2.9982318621107646e+00   43   43   10   10
 2.1491142721350318e+00   43   43   11   11
 2.5649841228942187e+00   43   43   12   12
 4.4736333660597705e+00   43   43   13   13
 2.4567279204441475e+00   43   43   14   14
 2.6948077530910499e+00   43   43   15   15
 2.6121868371108445e+00   43   43   16   16
 3.5249526074276982e+00   43   43   17   17
 2.4793017411784990e+00   43   43   18   18
 2.7172188087821603e+00   43   43   19   19
 1.2017873691560579e+00   43   43   20   20
 1.0228824333337327e+00   43   43   21   21
 1.0815996619205963e+00   43   43   22   22
 1.0271909912739727e+00   43   43   23   23
 1.3973129732295413e+00   43   43   24   24
 1.4575643120943489e+00   43   43   25   25
 1.2492372187357441e+00   43   43   26   26
 9.6509876455408150e-01   43   43   27   27
 1.5388598063580539e+00   43   43   28   28
 1.0276562717441196e+00   43   43   29   29
 1.2906349352051238e+00   43   43   30   30
 9.1640842835246761e-01   43   43   31   31
 9.4538206565063443e-01   43   43   32   32
 9.1895968975622522e-01   43   43   33   33
 1.0397303588028202e+00   43   43   34   34
 9.6989862304715180e-01   43   43   35   35
 8.9684583143691776e-01   43   43   36   36
 9.7671973673795276e-01   43   43   37   37
 9.1034877422577531e-01   43   43   38   38
 3.4821769976475885e+00   43   43   39   39
 3.3109829676936831e+00   43   43   40   40
 2.6424768823303744e+00   43   43   41   41
 3.5246861895974297e+00   43   43   42   42
 9.6429912899999994e+00   43   43   43   43
 3.2420591742845990e+00   44   44    1    1
 3.4653206399873002e+00   44   44    2    2
 3.2176185952519059e+00   44   44    3    3
 2.5838610011995700e+00   44   44    4    4
 2.5906730722252225e+00   44   44    5    5
 2.5824893258507640e+00   44   44    6    6
 2.9648745316020655e+00   44   44    7    7
 2.4354780561028839e+00   44   44    8    8
 2.4391590922817867e+00   44   44    9    9
 2.1448548115111983e+00   44   44   10   10
 2.9508317606427381e+00   44   44   11   11
 2.0083572696676821e+00   44   44   12   12
 2.6944831876880286e+00   44   44   13   13
 1.7999633110343318e+00   44   44   14   14
 4.4734083776866571e+00   44   44   15   15
 1.8419884370577708e+00   44   44   16   16
 2.4789742023099977e+00   44   44   17   17
 3.5250681172438645e+00   44   44   18   18
 2.7170369368642877e+00   44   44   19   19
 1.5223909475202413e+00   44   44   20   20
 1.2309491470366343e+00   44   44   21   21
 1.3408625420108662e+00   44   44   22   22
 1.2818315221228160e+00   44   44   23   23
 1.8625291529521937e+00   44   44   24   24
 1.8653700648885827e+00   44   44   25   25
 1.6209818008868728e+00   44   44   26   26
 1.1632969566555882e+00   44   44   27   27
 2.0498774846431695e+00   44   44   28   28
 1.3346758287900320e+00   44   44   29   29
 1.6229185181417953e+00   44   44   30   30
 1.1055408110074965e+00   44   44   31   31
 1.1441062176485635e+00   44   44   32   32
 1.1411558980247425e+00   44   44   33   33
 1.2019491358582937e+00   44   44   34   34
 1.2501086616160602e+00   44   44   35   35
 1.0597383601103081e+00   44   44   36   36
 1.1053804793410178e+00   44   44   37   37
 1.0447148151478753e+00   44   44   38   38
 3.3816866851350746e+00   44   44   39   39
 3.5233096154994743e+00   44   44   40   40
 3.4383091967817485e+00   44   44   41   41
 2.6393557872006448e+00   44   44   42   42
 2.8017612142933590e+00   44   44   43   43
 9.6429912899999994e+00   44   44   44   44
 1.7967686867275436e+00   45   45    1    1
 1.7995055257448869e+00   45   45    2    2
 1.9941042441106756e+00   45   45    3    3
 2.4593636060123654e+00   45   45    4    4
 1.4360009990746401e+00   45   45    5    5
 1.5897480687342969e+00   45   45    6    6
 1.5783058927993709e+00   45   45    7    7
 2.7053851042304191e+00   45   45    8    8
 1.4355951885909510e+00   45   45    9    9
 2.7054505161470095e+00   45   45   10   10
 1.7950731123085890e+00   45   45   11   11
 3.4935353319636602e+00   45   45   12   12
 1.7954069978022864e+00   45   45   13   13
 4.4795232982869981e+00   45   45   14   14
 1.5879836777938503e+00   45   45   15   15
 3.4935755180578001e+00   45   45   16   16
 1.5938635186643957e+00   45   45   17   17
 1.4446732747593187e+00   45   45   18   18
 1.4483572530296103e+00   45   45   19   19
 1.0595674482983721e+00   45   45   20   20
 9.5282747482461949e-01   45   45   21   21
 9.7038118202489554e-01   45   45   22   22
 9.0345309694560016e-01   45   45   23   23
 1.2560727089372443e+00   45   45   24   24
 1.1786950682151649e+00   45   45   25   25
 1.1382614885027911e+00   45   45   26   26
 8.4886868928485504e-01   45   45   27   27
 1.2869862776840741e+00   45   45   28   28
 8.9135491664159328e-01   45   45   29   29
 1.0805978722705125e+00   45   45   30   30
 7.9811792001612492e-01   45   45   31   31
 8.9762069073163209e-01   45   45   32   32
 7.9203386660788744e-01   45   45   33   33
 9.8455477340402531e-01   45   45   34   34
 8.3338405672343718e-01   45   45   35   35
 8.7408821442379847e-01   45   45   36   36
 9.5466845021704871e-01   45   45   37   37
 8.9949753164356894e-01   45   45   38   38
 1.9933588565858849e+00   45   45   39   39
 2.8477245480085518e+00   45   45   40   40
 2.6488941833514090e+00   45   45   41   41
 2.8477475150539528e+00   45   45   42   42
 2.6290373258792532e+00   45   45   43   43
 2.0101106145294545e+00   45   45   44   44
 9.6429912899999994e+00   45   45   45   45
 1.7967975627146133e+00   46   46    1    1
 2.4593976362941654e+00   46   46    2    2
 1.9941121837315956e+00   46   46    3    3
 1.7997282796268701e+00   46   46    4    4
 1.5908193804388768e+00   46   46    5    5
 1.4367688679095596e+00   46   46    6    6
 1.7954554053238576e+00   46   46    7    7
 1.7958083275140919e+00   46   46    8    8
 1.4367459845475046e+00   46   46    9    9
 1.5881012577259230e+00   46   46   10   10
 1.5785547774071558e+00   46   46   11   11
 1.5940998316975905e+00   46   46   12   12
 2.7054773398857290e+00   46   46   13   13
 1.4484422964185915e+00   46   46   14   14
 2.7054348043004905e+00   46   46   15   15
 1.4447360032524044e+00   46   46   16   16
 3.4937064486146552e+00   46   46   17   17
 3.4935307324638423e+00   46   46   18   18
 4.4795802652601662e+00   46   46   19   19
 1.0607243927269572e+00   46   46   20   20
 9.0436711861154129e-01   46   46   21   21
 9.7126061745132020e-01   46   46   22   22
 9.5337803926734443e-01   46   46   23   23
 1.1799084413922638e+00   46   46   24   24
 1.2575603080625866e+00   46   46   25   25
 1.0817639605347054e+00   46   46   26   26
 8.9812544273488626e-01   46   46   27   27
 1.2883218741843956e+00   46   46   28   28
 9.8481327640641092e-01   46   46   29   29
 1.1396247404763831e+00   46   46   30   30
 8.7441618796373244e-01   46   46   31   31
 8.4956142356318987e-01   46   46   32   32
 8.9963351907218925e-01   46   46   33   33
 8.9249665285307611e-01   46   46   34   34
 9.5472300958176437e-01   46   46   35   35
 7.9879639511577416e-01   46   46   36   36
 8.3443160510043812e-01   46   46   37   37
 7.9286155257743751e-01   46   46   38   38
 2.6479406162385919e+00   46   46   39   39
 2.6302820757896987e+00   46   46   40   40
 1.9929924662611553e+00   46   46   41   41
 2.0103084891032146e+00   46   46   42   42
 2.8478467440498614e+00   46   46   43   43
 2.8477879227894025e+00   46   46   44   44
 1.7135797641614527e+00   46   46   45   45
 9.6429912899999994e+00   46   46   46   46
 1.6301114517714024e+00   47   47    1    1
 1.3010165292163751e+00   47   47    2    2
 1.4238136806863579e+00   47   47    3    3
 1.3556050036682039e+00   47   47    4    4
 1.8911885323640121e+00   47   47    5    5
 2.1909095382992296e+00   47   47    6    6
 1.6595069222486827e+00   47   47    7    7
 1.2559818610010405e+00   47   47    8    8
 2.2458199959341765e+00   47   47    9    9
 1.3642833721538812e+00   47   47   10   10
 1.8415253168662127e+00   47   47   11   11
 1.1850885920218726e+00   47   47   12   12
 1.1754075189305091e+00   47   47   13   13
 1.1938526833106484e+00   47   47   14   14
 1.3053967746256305e+00   47   47   15   15
 1.2751915843239403e+00   47   47   16   16
 1.0885425293741688e+00   47   47   17   17
 1.1893274037549364e+00   47   47   18   18
 1.0948251269557316e+00   47   47   19   19
 3.4603939523256781e+00   47   47   20   20
 3.2642753503348101e+00   47   47   21   21
 3.2060119278467476e+00   47   47   22   22
 2.5578884168637441e+00   47   47   23   23
 3.5294676076537295e+00   47   47   24   24
 2.4854782957632953e+00   47   47   25   25
 4.4698755911991626e+00   47   47   26   26
 2.1340198483742610e+00   47   47   27   27
 2.7058769827215050e+00   47   47   28   28
 2.3960715731129345e+00   47   47   29   29
 2.6943924621530493e+00   47   47   30   30
 1.8302738049172016e+00   47   47   31   31
 2.9921728438751365e+00   47   47   32   32
 1.7825081316868059e+00   47   47   33   33
 2.9779675917877357e+00   47   47   34   34
 1.9807703206203393e+00   47   47   35   35
 2.6155529630188661e+00   47   47   36   36
 2.6075956221260741e+00   47   47   37   37
 2.4792820564245845e+00   47   47   38   38
 1.9074679827684109e+00   47   47   39   39
 1.6310880291963148e+00   47   47   40   40
 2.2781634137340632e+00   47   47   41   41
 1.9403593218409692e+00   47   47   42   42
 1.5320014852969797e+00   47   47   43   43
 1.9526396307189078e+00   47   47   44   44
 1.4804163036800817e+00   47   47   45   45
 1.3448750538667920e+00   47   47   46   46
 9.6429912899999994e+00   47   47   47   47
 1.2021767230845137e+00   48   48    1    1
 1.0277376919802266e+00   48   48    2    2
 1.0818750995658077e+00   48   48    3    3
 1.0227911698363503e+00   48   48    4    4
 1.4580517440709342e+00   48   48    5    5
 1.3978497096812572e+00   48   48    6    6
 1.2910703327437105e+00   48   48    7    7
 9.4538967454981437e-01   48   48    8    8
 1.5393904795452973e+00   48   48    9    9
 1.0392062040846635e+00   48   48   10   10
 1.2496903846429819e+00   48   48   11   11
 8.9669606199573604e-01   48   48   12   12
 9.6545108269556901e-01   48   48   13   13
 9.0993876387917594e-01   48   48   14   14
 1.0286198219678595e+00   48   48   15   15
 9.7608507572739578e-01   48   48   16   16
 9.1685154056039575e-01   48   48   17   17
 9.7087462517677525e-01   48   48   18   18
 9.1966028288566448e-01   48   48   19   19
 2.5856638556500902e+00   48   48   20   20
 3.2388674047501809e+00   48   48   21   21
 3.2129812136324762e+00   48   48   22   22
 3.4664587945232248e+00   48   48   23   23
 1.8472227429780004e+00   48   48   24   24
 2.0048144909386152e+00   48   48   25   25
 2.1493975925888034e+00   48   48   26   26
 4.4735553749854189e+00   48   48   27   27
 1.7916502183427878e+00   48   48   28   28
 2.6947891613127917e+00   48   48   29   29
 2.4249656211930026e+00   48   48   30   30
 3.5248830006078209e+00   48   48   31   31
 2.9234148290284456e+00   48   48   32   32
 2.7171626279087544e+00   48   48   33   33
 2.9983133393714838e+00   48   48   34   34
 2.4792805708266266e+00   48   48   35   35
 2.5660462266978423e+00   48   48   36   36
 2.6129332846554658e+00   48   48   37   37
 2.4578469103307721e+00   48   48   38   38
 1.6311228935369477e+00   48   48   39   39
 1.2409605510471498e+00   48   48   40   40
 1.5325609931910464e+00   48   48   41   41
 1.5385836400325692e+00   48   48   42   42
 1.2863820351345292e+00   48   48   43   43
 1.4759633710461666e+00   48   48   44   44
 1.1538028048433047e+00   48   48   45   45
 1.1681359265947215e+00   48   48   46   46
 2.6427484046412770e+00   48   48   47   47
 9.6429912899999994e+00   48   48   48   48
 1.6301468669103942e+00   49   49    1    1
 1.3564541829561638e+00   49   49    2    2
 1.4238763118027680e+00   49   49    3    3
 1.3004007897715149e+00   49   49    4    4
 2.1910260653213354e+00   49   49    5    5
 1.8912122122297284e+00   49   49    6    6
 1.8416159658827156e+00   49   49    7    7
 1.1751480018004312e+00   49   49    8    8
 2.2458736112908828e+00   49   49    9    9
 1.3038591319930566e+00   49   49   10   10
 1.6595089401538243e+00   49   49   11   11
 1.0880299696227500e+00   49   49   12   12
 1.2564589242500515e+00   49   49   13   13
 1.0938119895197089e+00   49   49   14   14
 1.3661866917988297e+00   49   49   15   15
 1.1877722993158817e+00   49   49   16   16
 1.1858629346709688e+00   49   49   17   17
 1.2772086931743234e+00   49   49   18   18
 1.1952465169889970e+00   49   49   19   19
 3.4601830712147432e+00   49   49   20   20
 2.5571103096566237e+00   49   49   21   21
 3.2052591390553320e+00   49   49   22   22
 3.2637361128507951e+00   49   49   23   23
 2.4853725568717633e+00   49   49   24   24
 3.5295270317174188e+00   49   49   25   25
 2.6942641620371828e+00   49   49   26   26
 2.9911155904578219e+00   49   49   27   27
 2.7058755046534366e+00   49   49   28   28
 2.9785963162828764e+00   49   49   29   29
 4.4698400716851312e+00   49   49   30   30
 2.6155108567543150e+00   49   49   31   31
 2.1335733974750637e+00   49   49   32   32
 2.4800197229163969e+00   49   49   33   33
 2.3950925131907952e+00   49   49   34   34
 2.6086476480082572e+00   49   49   35   35
 1.8299169718781285e+00   49   49   36   36
 1.9801168114112839e+00   49   49   37   37
 1.7820855318844335e+00   49   49   38   38
 2.2781650331214691e+00   49   49   39   39
 1.5325804949410693e+00   49   49   40   40
 1.9074984839694480e+00   49   49   41   41
 1.9489809002118559e+00   49   49   42   42
 1.6306638513301104e+00   49   49   43   43
 1.9442196952127733e+00   49   49   44   44
 1.3435429187420074e+00   49   49   45   45
 1.4822422062540599e+00   49   49   46   46
 2.7963258231329329e+00   49   49   47   47
 3.4795893536905105e+00   49   49   48   48
 9.6429912899999994e+00   49   49   49   49
 1.5192207344489697e+00   50   50    1    1
 1.2805158268059711e+00   50   50    2    2
 1.3386764523839585e+00   50   50    3    3
 1.2287700963922004e+00   50   50    4    4
 1.8606148576660280e+00   50   50    5    5
 1.8581191827321371e+00   50   50    6    6
 1.6191702699915753e+00   50   50    7    7
 1.1425315561619831e+00   50   50    8    8
 2.0446486907381081e+00   50   50    9    9
 1.1992811478581302e+00   50   50   10   10
 1.6174236026637543e+00   50   50   11   11
 1.0582636588589849e+00   50   50   12   12
 1.1621389865617675e+00   50   50   13   13
 1.0429309651041789e+00   50   50   14   14
 1.3340985971267847e+00   50   50   15   15
 1.1030591957677467e+00   50   50   16   16
 1.1048210756865946e+00   50   50   17   17
 1.2500369806937985e+00   50   50   18   18
 1.1408699675690208e+00   50   50   19   19
 3.2413575792483456e+00   50   50   20   20
 2.5843384284539805e+00   50   50   21   21
 3.2182155161917039e+00   50   50   22   22
 3.4655647127425735e+00   50   50   23   23
 2.5779304667202241e+00   50   50   24   24
 2.5856170111874071e+00   50   50   25   25
 2.9490004045776441e+00   50   50   26   26
 2.6946051274905187e+00   50   50   27   27
 2.4333894200834680e+00   50   50   28   28
 4.4734643216314449e+00   50   50   29   29
 2.9622663207216151e+00   50   50   30   30
 2.4790017562441395e+00   50   50   31   31
 2.4361147211845400e+00   50   50   32   32
 2.7169829985523197e+00   50   50   33   33
 2.1450858757497056e+00   50   50   34   34
 3.5249369737736411e+00   50   50   35   35
 2.0087440709091138e+00   50   50   36   36
 1.8421547004787167e+00   50   50   37   37
 1.8001933805118968e+00   50   50   38   38
 1.9402165860328946e+00   50   50   39   39
 1.5385970746919946e+00   50   50   40   40
 1.9490854571959808e+00   50   50   41   41
 1.7083092234661625e+00   50   50   42   42
 1.4740290281111021e+00   50   50   43   43
 2.0077969882766098e+00   50   50   44   44
 1.2890702454677325e+00   50   50   45   45
 1.4260926187844947e+00   50   50   46   46
 3.4405141506776222e+00   50   50   47   47
 2.8018608746778346e+00   50   50   48   48
 3.3822804749799880e+00   50   50   49   49
 9.6429912899999994e+00   50   50   50   50
 1.2017839564878618e+00   51   51    1    1
 1.0228647488468905e+00   51   51    2    2
 1.0815963490470475e+00   51   51    3    3
 1.0272024503484696e+00   51   51    4    4
 1.3972951349479010e+00   51   51    5    5
 1.4575790716747574e+00   51   51    6    6
 1.2492235806684509e+00   51   51    7    7
 9.6510718691333941e-01   51   51    8    8
 1.5388573613709600e+00   51   51    9    9
 1.0276836187076519e+00   51   51   10   10
 1.2906437667676061e+00   51   51   11   11
 9.1642518313659282e-01   51   51   12   12
 9.4536808144173312e-01   51   51   13   13
 9.1898757933997155e-01   51   51   14   14
 1.0396956255227658e+00   51   51   15   15
 9.6993308150984847e-01   51   51   16   16
 8.9682459927166025e-01   51   51   17   17
 9.7667878903103211e-01   51   51   18   18
 9.1031623780505655e-01   51   51   19   19
 2.5858400588196000e+00   51   51   20   20
 3.4664897432827408e+00   51   51   21   21
 3.2132030927081483e+00   51   51   22   22
 3.2386806319107291e+00   51   51   23   23
 2.0046438498994914e+00   51   51   24   24
 1.8467461337203173e+00   51   51   25   25
 2.4253782345294868e+00   51   51   26   26
 2.9228077449819150e+00   51   51   27   27
 1.7911713553604161e+00   51   51   28   28
 2.9982458080801222e+00   51   51   29   29
 2.1491105978448912e+00   51   51   30   30
 2.5649933372158480e+00   51   51   31   31
 4.4736344495676654e+00   51   51   32   32
 2.4567407966461512e+00   51   51   33   33
 2.6948071938210099e+00   51   51   34   34
 2.6122012882421766e+00   51   51   35   35
 3.5249526240961591e+00   51   51   36   36
 2.4793024974978790e+00   51   51   37   37
 2.7172195531823329e+00   51   51   38   38
 1.5319759643942605e+00   51   51   39   39
 1.2863729459148372e+00   51   51   40   40
 1.6306877972252183e+00   51   51   41   41
 1.4740759210065886e+00   51   51   42   42
 1.2405446227964287e+00   51   51   43   43
 1.5398400903668807e+00   51   51   44   44
 1.1672643924869308e+00   51   51   45   45
 1.1543847957659767e+00   51   51   46   46
 3.4821947825741013e+00   51   51   47   47
 3.3109767463823045e+00   51   51   48   48
 2.6424735662940932e+00   51   51   49   49
 3.5246961072309944e+00   51   51   50   50
 9.6429912899999994e+00   51   51   51   51
 1.5224101783217143e+00   52   52    1    1
 1.2309795059981914e+00   52   52    2    2
 1.3408808513536068e+00   52   52    3    3
 1.2818326181205322e+00   52   52    4    4
 1.8626399023391369e+00   52   52    5    5
 1.8652998234739144e+00   52   52    6    6
 1.6210596179490335e+00   52   52    7    7
 1.1632845975508985e+00   52   52    8    8
 2.0498990442004610e+00   52   52    9    9
 1.3346803473153734e+00   52   52   10   10
 1.6228800133390042e+00   52   52   11   11
 1.1055217291030430e+00   52   52   12   12
 1.1441470481211484e+00   52   52   13   13
 1.1411374895687010e+00   52   52   14   14
 1.2019730349173674e+00   52   52   15   15
 1.2500999787117362e+00   52   52   16   16
 1.0597800820873415e+00   52   52   17   17
 1.1054095341590982e+00   52   52   18   18
 1.0447513014234191e+00   52   52   19   19
 3.2420580892918149e+00   52   52   20   20
 3.4653200754049860e+00   52   52   21   21
 3.2176179103781970e+00   52   52   22   22
 2.5838557417566848e+00   52   52   23   23
 2.5906759496987055e+00   52   52   24   24
 2.5825163018489548e+00   52   52   25   25
 2.9648656020442070e+00   52   52   26   26
 2.4354713332632594e+00   52   52   27   27
 2.4391787344215339e+00   52   52   28   28
 2.1448519210252277e+00   52   52   29   29
 2.9508511383425220e+00   52   52   30   30
 2.0083514955323376e+00   52   52   31   31
 2.6944832947365698e+00   52   52   32   32
 1.7999588834881439e+00   52   52   33   33
 4.4734107396092719e+00   52   52   34   34
 1.8419851174285662e+00   52   52   35   35
 2.4789746857733124e+00   52   52   36   36
 3.5250707696075052e+00   52   52   37   37
 2.7170383345085076e+00   52   52   38   38
 1.9527864481451407e+00   52   52   39   39
 1.4759437199001018e+00   52   52   40   40
 1.9441187480354662e+00   52   52   41   41
 2.0078530994587154e+00   52   52   42   42
 1.5399022578501420e+00   52   52   43   43
 1.7130171714563882e+00   52   52   44   44
 1.4260093046845195e+00   52   52   45   45
 1.2911191446605783e+00   52   52   46   46
 3.3816713438242254e+00   52   52   47   47
 3.5232984074431641e+00   52   52   48   48
 3.4383219478492966e+00   52   52   49   49
 2.6393564681395452e+00   52   52   50   50
 2.8017609138361546e+00   52   52   51   51
 9.6429912899999994e+00   52   52   52   52
 1.0595578545360695e+00   53   53    1    1
 9.5281325757787705e-01   53   53    2    2
 9.7037141353228018e-01   53   53    3    3
 9.0344727231983957e-01   53   53    4    4
 1.2560311487980578e+00   53   53    5    5
 1.1787138037277369e+00   53   53    6    6
 1.1382279494204952e+00   53   53    7    7
 8.4887226119493719e-01   53   53    8    8
 1.2869782969866517e+00   53   53    9    9
 8.9134122699329166e-01   53   53   10   10
 1.0806096550397311e+00   53   53   11   11
 7.9812216406801562e-01   53   53   12   12
 8.9759589668564144e-01   53   53   13   13
 7.9203236975969216e-01   53   53   14   14
 9.8455056441945954e-01   53   53   15   15
 8.3337428659476742e-01   53   53   16   16
 8.7406162564487533e-01   53   53   17   17
 9.5466005327496817e-01   53   53   18   18
 8.9947744689270381e-01   53   53   19   19
 1.7967670034248115e+00   53   53   20   20
 1.7995056111616576e+00   53   53   21   21
 1.9941038312695620e+00   53   53   22   22
 2.4593640757839061e+00   53   53   23   23
 1.4360002111998020e+00   53   53   24   24
 1.5897366260755179e+00   53   53   25   25
 1.5783081941461747e+00   53   53   26   26
 2.7053850307174230e+00   53   53   27   27
 1.4355887686706843e+00   53   53   28   28
 2.7054503889350228e+00   53   53   29   29
 1.7950629528238249e+00   53   53   30   30
 3.4935360993858442e+00   53   53   31   31
 1.7954096543740283e+00   53   53   32   32
 4.4795234960545072e+00   53   53   33   33
 1.5879815463673115e+00   53   53   34   34
 3.4935757206518168e+00   53   53   35   35
 1.5938647603376106e+00   53   53   36   36
 1.4446718478769260e+00   53   53   37   37
 1.4483568004187755e+00   53   53   38   38
 1.4803373615125877e+00   53   53   39   39
 1.1538203140914005e+00   53   53   40   40
 1.3435818113665288e+00   53   53   41   41
 1.2890266491232210e+00   53   53   42   42
 1.1672218324268298e+00   53   53   43   43
 1.4260397987999813e+00   53   53   44   44
 1.0053735136923034e+00   53   53   45   45
 1.1712264905247305e+00   53   53   46   46
 1.9933677262041036e+00   53   53   47   47
 2.8477256215653775e+00   53   53   48   48
 2.6488726351614638e+00   53   53   49   49
 2.8477465794960577e+00   53   53   50   50
 2.6290488775275169e+00   53   53   51   51
 2.0101063058174797e+00   53   53   52   52
 9.6429912899999994e+00   53   53   53   53
 1.0607344904572111e+00   54   54    1    1
 9.0437366115245699e-01   54   54    2    2
 9.7127110877803036e-01   54   54    3    3
 9.5339254885589841e-01   54   54    4    4
 1.1799423042161483e+00   54   54    5    5
 1.2575398928089281e+00   54   54    6    6
 1.0817925900075336e+00   54   54    7    7
 8.9812577062771182e-01   54   54    8    8
 1.2883310055965902e+00   54   54    9    9
 9.8485048563030653e-01   54   54   10   10
 1.1396127651841179e+00   54   54   11   11
 8.7442001585025064e-01   54   54   12   12
 8.4957906067739319e-01   54   54   13   13
 8.9965376806782227e-01   54   54   14   14
 8.9248660838413552e-01   54   54   15   15
 9.5476181415083428e-01   54   54   16   16
 7.9880980087775699e-01   54   54   17   17
 8.3442178312589443e-01   54   54   18   18
 7.9286321346554178e-01   54   54   19   19
 1.7967992384104741e+00   54   54   20   20
 2.4593973887979952e+00   54   54   21   21
 1.9941126329594452e+00   54   54   22   22
 1.7997269286164994e+00   54   54   23   23
 1.5908252836893955e+00   54   54   24   24
 1.4367755002603002e+00   54   54   25   25
 1.7954587122306294e+00   54   54   26   26
 1.7958032523821870e+00   54   54   27   27
 1.4367536044391276e+00   54   54   28   28
 1.5881024426227190e+00   54   54   29   29
 1.5785585436807639e+00   54   54   30   30
 1.5940958934799658e+00   54   54   31   31
 2.7054768694862386e+00   54   54   32   32
 1.4484411445527956e+00   54   54   33   33
 2.7054344568352771e+00   54   54   34   34
 1.4447366477897952e+00   54   54   35   35
 3.4937070562516812e+00   54   54   36   36
 3.4935293445528099e+00   54   54   37   37
 4.4795782270382460e+00   54   54   38   38
 1.3449335117387857e+00   54   54   39   39
 1.1681116797592008e+00   54   54   40   40
 1.4821928128364064e+00   54   54   41   41
 1.4261874860827033e+00   54   54   42   42
 1.1544323359389348e+00   54   54   43   43
 1.2910725721406635e+00   54   54   44   44
 1.1712555039417982e+00   54   54   45   45
 1.0063744726302426e+00   54   54   46   46
 2.6479441545620364e+00   54   54   47   47
 2.6302623452130409e+00   54   54   48   48
 1.9929937671962148e+00   54   54   49   49
 2.0103132011219000e+00   54   54   50   50
 2.8478471334701392e+00   54   54   51   51
 2.8477886160727177e+00   54   54   52   52
 1.7135785847385716e+00   54   54   53   53
 9.6429912899999994e+00   54   54   54   54
-1.2877891635515036e+02    1    1    0    0
-1.2269974519086747e+02    2    2    0    0
-1.3608613228773514e+00    3    1    0    0
-1.2309719805616508e+00    3    2    0    0
-1.2733953708233810e+02    3    3    0    0
-1.2308384077540298e+00    4    3    0    0
-1.2268131142537064e+02    4    4    0    0
-1.2261062193938690e+02    5    5    0    0
-1.2260808836099993e+02    6    6    0    0
-2.0091844180686786e+00    7    1    0    0
-2.1328239384905423e+00    7    5    0    0
-1.2539842072543699e+02    7    7    0    0
-2.0262838513437749e+00    8    4    0    0
-1.1454468749974274e+02    8    8    0    0
-2.0588527054339067e+00    9    5    0    0
-2.0588809115966495e+00    9    6    0    0
-1.2471880219924033e+02    9    9    0    0
-2.0238114116613697e+00   10    4    0    0
-1.1717790187164826e+02   10   10    0    0
-2.0091699593500247e+00   11    1    0    0
-2.1325773210937773e+00   11    6    0    0
-1.2539243616202803e+02   11   11    0    0
-2.1112041976238443e+00   12    8    0    0
-1.0423020721791676e+02   12   12    0    0
-2.0262758355705679e+00   13    2    0    0
-1.1455635742282703e+02   13   13    0    0
-2.1034925618751958e+00   14   12    0    0
-1.0267783406384831e+02   14   14    0    0
-2.0236747123358514e+00   15    2    0    0
-1.1721605729530287e+02   15   15    0    0
-2.1122668947688736e+00   16   10    0    0
-2.1029576876173000e+00   16   14    0    0
-1.0641407572106945e+02   16   16    0    0
-2.1113318703997148e+00   17   13    0    0
-1.0424705924224871e+02   17   17    0    0
-2.1121412159739861e+00   18   15    0    0
-1.0645242744693319e+02   18   18    0    0
-2.1035884869012698e+00   19   17    0    0
-2.1030050165878098e+00   19   18    0    0
-1.0270512703216068e+02   19   19    0    0
-1.2877893129429697e+02   20   20    0    0
-1.2269989334709538e+02   21   21    0    0
-1.3608137149821984e+00   22   20    0    0
-1.2309873856041058e+00   22   21    0    0
-1.2733954195810543e+02   22   22    0    0
-1.2308206833894499e+00   23   22    0    0
-1.2268112882408538e+02   23   23    0    0
-1.2261069989751793e+02   24   24    0    0
-1.2260805049265917e+02   25   25    0    0
-2.0091946618323933e+00   26   20    0    0
-2.1328208601804208e+00   26   24    0    0
-1.2539852282908598e+02   26   26    0    0
-2.0262849129433333e+00   27   23    0    0
-1.1454455932518438e+02   27   27    0    0
-1.8308100421656013e+00   28    9    0    0
-2.0588513089929119e+00   28   24    0    0
-2.0588816010936752e+00   28   25    0    0
-1.2471880572834547e+02   28   28    0    0
-2.0238162856331448e+00   29   23    0    0
-1.1717752833135107e+02   29   29    0    0
-2.0091698717554336e+00   30   20    0    0
-2.1325805818740275e+00   30   25    0    0
-1.2539236199017462e+02   30   30    0    0
-2.1112014210388290e+00   31   27    0    0
-1.0423001696814704e+02   31   31    0    0
-2.0262770937604269e+00   32   21    0    0
-1.1455648103534712e+02   32   32    0    0
-2.1034905278259197e+00   33   31    0    0
-1.0267752140121331e+02   33   33    0    0
-2.0236699240327289e+00   34   21    0    0
-1.1721635705855454e+02   34   34    0    0
-2.1122653439465053e+00   35   29    0    0
-2.1029646002088365e+00   35   33    0    0
-1.0641364713653589e+02   35   35    0    0
-2.1113263007793615e+00   36   32    0    0
-1.0424722955631788e+02   36   36    0    0
-2.1121480979933973e+00   37   34    0    0
-1.0645278686568328e+02   37   37    0    0
-2.1035930585474705e+00   38   36    0    0
-2.1030068906499912e+00   38   37    0    0
-1.0270540254762558e+02   38   38    0    0
-2.0549899867122137e+00   39    7    0    0
-1.5907625916095989e+02   39   39    0    0
-2.0635010989201406e+00   40    8    0    0
-1.4787328825566902e+02   40   40    0    0
-2.0549097147201465e+00   41   11    0    0
-1.5906885002814485e+02   41   41    0    0
-2.0632982052216766e+00   42   10    0    0
-1.5634045097001328e+02   42   42    0    0
-2.0636871336251086e+00   43   13    0    0
-1.4786418783465240e+02   43   43    0    0
-2.0631659722507560e+00   44   15    0    0
-1.5642637321339083e+02   44   44    0    0
-2.0773587115553540e+00   45   14    0    0
-1.2302330139245316e+02   45   45    0    0
-2.0774912071490865e+00   46   19    0    0
-1.2306011777775402e+02   46   46    0    0
-2.0549930376788286e+00   47   26    0    0
-1.5907649923375030e+02   47   47    0    0
-2.0635064667177572e+00   48   27    0    0
-1.4787327592707661e+02   48   48    0    0
-2.0549109641048893e+00   49   30    0    0
-1.5906871998363073e+02   49   49    0    0
-2.0632955529844517e+00   50   29    0    0
-1.5633976004836651e+02   50   50    0    0
-2.0636896436462906e+00   51   32    0    0
-1.4786419896879150e+02   51   51    0    0
-2.0631714429791299e+00   52   34    0    0
-1.5642698487056126e+02   52   52    0    0
-2.0773591715205115e+00   53   33    0    0
-1.2302285363123863e+02   53   53    0    0
-2.0774864665002371e+00   54   38    0    0
-1.2306052647087763e+02   54   54    0    0
 4.8611160518582537e+03    0    0    0    0
