&FCI NORB=8, NELEC=8, MS2=0,
 ORBSYM=1,1,1,1,1,1,1,1,
 ISYM=1,
&END
 8.4208384499999998e+00    1    1    1    1
 2.4765864468017025e+00    2    2    1    1
 8.4208384499999998e+00    2    2    2    2
 3.8000674913834649e+00    3    3    1    1
 2.7129796384972882e+00    3    3    2    2
 8.4208384499999998e+00    3    3    3    3
 3.8000674913834649e+00    4    4    1    1
 2.7129796384972882e+00    4    4    2    2
 2.6895878318095430e+00    4    4    3    3
 8.4208384499999998e+00    4    4    4    4
 2.7256016002430474e+00    5    5    1    1
 3.8407535783137452e+00    5    5    2    2
 3.7800578494778039e+00    5    5    3    3
 2.4511328076773213e+00    5    5    4    4
 8.4208384499999998e+00    5    5    5    5
 2.7256016002430474e+00    6    6    1    1
 3.8407535783137452e+00    6    6    2    2
 2.4511328076773213e+00    6    6    3    3
 3.7800578494778039e+00    6    6    4    4
 2.7373432571555276e+00    6    6    5    5
 8.4208384499999998e+00    6    6    6    6
 2.7095760249591909e+00    7    7    1    1
 2.0035821229547821e+00    7    7    2    2
 3.8252292379181401e+00    7    7    3    3
 1.9912244430078856e+00    7    7    4    4
 2.7031454267364396e+00    7    7    5    5
 1.8160652921998230e+00    7    7    6    6
 8.4208384499999998e+00    7    7    7    7
 2.7095760249591909e+00    8    8    1    1
 2.0035821229547821e+00    8    8    2    2
 1.9912244430078856e+00    8    8    3    3
 3.8252292379181401e+00    8    8    4    4
 1.8160652921998230e+00    8    8    5    5
 2.7031454267364396e+00    8    8    6    6
 1.6145633759308815e+00    8    8    7    7
 8.4208384499999998e+00    8    8    8    8
-2.0947076679973108e+01    1    1    0    0
-1.9591217126333333e+01    2    2    0    0
-1.9937425195748302e+00    3    1    0    0
-2.1250279299771449e+01    3    3    0    0
-1.9937425195748302e+00    4    1    0    0
-2.1250279299771449e+01    4    4    0    0
-2.0896250674400507e+00    5    2    0    0
-1.9474911534363279e+00    5    3    0    0
-2.0054099811803709e+01    5    5    0    0
-2.0896250674400507e+00    6    2    0    0
-1.9474911534363279e+00    6    4    0    0
-2.0054099811803709e+01    6    6    0    0
-2.0527494001533482e+00    7    3    0    0
-1.6663385923707143e+01    7    7    0    0
-2.0527494001533482e+00    8    4    0    0
-1.6663385923707143e+01    8    8    0    0
 1.1192026573843548e+02    0    0    0    0
