&FCI NORB=4, NELEC=4, MS2=0,
 ORBSYM=1,1,1,1,
 ISYM=1,
&END
 5.1630134177812943e+00    1    1    1    1
-3.1104228110177245e-11    2    1    1    1
 9.5067977261916747e-01    2    1    2    1
 4.2123336453311273e+00    2    2    1    1
-7.1105424682955287e-01    2    2    2    1
 5.5687991322972072e+00    2    2    2    2
 1.0749858377006685e-10    3    1    1    1
 4.6977873761767999e-11    3    1    2    1
 6.3102605959695235e-01    3    1    2    2
 9.5067977247040081e-01    3    1    3    1
 5.9756929353262176e-11    3    2    1    1
 6.3102605958640801e-01    3    2    2    1
 1.2181129250154547e-10    3    2    2    2
 7.1105424688150787e-01    3    2    3    1
 9.5067977246445645e-01    3    2    3    2
 4.2123336451418920e+00    3    3    1    1
 7.1105424687845686e-01    3    3    2    1
 3.6674395871957501e+00    3    3    2    2
-6.3102605976597015e-01    3    3    3    1
-2.1576653879709414e-10    3    3    3    2
 5.5687991325947381e+00    3    3    3    3
-9.5067977254478386e-01    4    1    1    1
-2.0851576714330019e-11    4    1    2    1
 4.0578571464778179e-01    4    1    2    2
 7.2064893341837670e-11    4    1    3    1
 4.0059906992631533e-11    4    1    3    2
 4.0578571452092221e-01    4    1    3    3
 1.3564654871291355e+00    4    1    4    1
-3.1104197807980116e-11    4    2    1    1
 9.5067977261916725e-01    4    2    2    1
-7.1105424682955254e-01    4    2    2    2
 4.6977702135071279e-11    4    2    3    1
 6.3102605958640778e-01    4    2    3    2
 7.1105424687845675e-01    4    2    3    3
-2.0851565731322952e-11    4    2    4    1
 9.5067977261916714e-01    4    2    4    2
 1.0749858377006685e-10    4    3    1    1
 4.6977790495041152e-11    4    3    2    1
 6.3102605959695235e-01    4    3    2    2
 9.5067977247040070e-01    4    3    3    1
 7.1105424688150787e-01    4    3    3    2
-6.3102605976597059e-01    4    3    3    3
 7.2064872249584045e-11    4    3    4    1
 4.6977785273600970e-11    4    3    4    2
 9.5067977247040070e-01    4    3    4    3
 5.1630134177812943e+00    4    4    1    1
-3.1104308629672255e-11    4    4    2    1
 4.2123336453311273e+00    4    4    2    2
 1.0749879201499424e-10    4    4    3    1
 5.9756925641272608e-11    4    4    3    2
 4.2123336451418911e+00    4    4    3    3
-9.5067977254478397e-01    4    4    4    1
-3.1104290897243996e-11    4    4    4    2
 1.0749899347123715e-10    4    4    4    3
 5.1630134177812943e+00    4    4    4    4
-1.3809285448948488e+01    1    1    0    0
 8.1787351598197369e-12    2    1    0    0
-9.2400675601552162e+00    2    2    0    0
-2.8265602236098567e-11    3    1    0    0
-2.5558296873895985e-11    3    2    0    0
-9.2400675600742765e+00    3    3    0    0
 1.0897881159208653e+00    4    1    0    0
 1.8428519565208554e-11    4    2    0    0
-6.3690318488635419e-11    4    3    0    0
-6.8504259031227361e+00    4    4    0    0
 3.6411600136150362e+01    0    0    0    0
