]633;E;for f in ./*.out;c3d996f4-0b92-4653-b06a-252f7ddbd9b4]633;C=== ./5-11ICzTTM2.out ===
  1-3A  ->  4-3A    0.797045    6428.6  1555.5   0.237174196  12.14580   1.79748   2.92695   0.58976
  1-3A  ->  5-3A    1.212191    9777.0  1022.8   0.000024009   0.00081  -0.00832  -0.02657  -0.00576
  1-3A  ->  6-3A    1.250740   10087.9   991.3   0.000120801   0.00394   0.00974  -0.06005  -0.01553
  1-3A  ->  7-1A    1.284620   10361.2   965.1   0.007852746   0.24951   0.11313  -0.47845  -0.08829
  1-3A  ->  8-1A    1.299314   10479.7   954.2   0.006077879   0.19093   0.23455  -0.32206  -0.17943
  1-3A  ->  9-3A    1.751337   14125.5   707.9   0.051588674   1.20234   0.30917  -0.99711  -0.33546
  1-3A  -> 10-3A    1.777619   14337.5   697.5   0.000454269   0.01043  -0.00464   0.07058   0.07367
  1-3A  -> 11-3A    1.852144   14938.6   669.4   0.044474001   0.98011   0.91784  -0.26911  -0.25547
  1-3A  -> 12-3A    1.862177   15019.5   665.8   0.026516213   0.58121   0.72041  -0.16191  -0.18975
  1-3A  -> 13-3A    2.048828   16524.9   605.1   0.003930444   0.07830   0.13751  -0.23801  -0.05241
  1-3A  -> 14-3A    2.061501   16627.1   601.4   0.002050289   0.04060  -0.06901   0.16159   0.09859
=== ./5-7ICzTTM2.out ===
  1-3A  ->  4-1A    0.818622    6602.6  1514.5   0.026369624   1.31481  -0.73092  -0.85273  -0.23112
  1-3A  ->  5-3A    1.006126    8115.0  1232.3   0.136300944   5.52953  -0.70699  -2.17685  -0.53948
  1-3A  ->  6-3A    1.019901    8226.1  1215.6   0.016088277   0.64386  -0.26159  -0.73409  -0.19116
  1-3A  ->  7-1A    1.252968   10105.9   989.5   0.000438602   0.01429   0.10233  -0.06129   0.00775
  1-3A  ->  8-1A    1.290705   10410.2   960.6   0.003489765   0.11036  -0.15878   0.27041   0.10967
  1-3A  ->  9-3A    1.805210   14560.0   686.8   0.083523895   1.88853   1.19665  -0.50359  -0.45051
  1-3A  -> 10-3A    1.817039   14655.4   682.3   0.011956792   0.26859   0.48596  -0.08131  -0.16069
  1-3A  -> 11-3A    1.841118   14849.6   673.4   0.012340353   0.27358  -0.33956  -0.39239   0.06565
  1-3A  -> 12-3A    1.871439   15094.2   662.5   0.000036069   0.00079   0.02643   0.00184  -0.00920
  1-3A  -> 13-3A    1.997022   16107.1   620.8   0.003450494   0.07052  -0.21389   0.12017   0.10166
  1-3A  -> 14-3A    2.069780   16693.9   599.0   0.022250281   0.43879  -0.01946   0.00937  -0.66206
=== ./5-8ICzTTM2.out ===
  1-3A  ->  4-3A    0.789481    6367.6  1570.5   0.144191100   7.45484   1.03991   2.52286  -0.09278
  1-3A  ->  5-3A    1.123299    9060.0  1103.8   0.011843603   0.43036  -0.06695  -0.65253  -0.00885
  1-3A  ->  6-3A    1.137721    9176.3  1089.8   0.038835392   1.39327   0.32388  -1.13128  -0.09262
  1-3A  ->  7-1A    1.348702   10878.0   919.3   0.002885816   0.08734   0.24077   0.16742  -0.03657
  1-3A  ->  8-1A    1.355521   10933.0   914.7   0.003571459   0.10754   0.28038  -0.15884  -0.06081
  1-3A  ->  9-3A    1.824464   14715.3   679.6   0.033055406   0.73952  -0.82096   0.15804   0.20142
  1-3A  -> 10-3A    1.832498   14780.1   676.6   0.035562599   0.79212  -0.78979   0.34591   0.22067
  1-3A  -> 11-3A    1.842037   14857.0   673.1   0.025365343   0.56206  -0.63066  -0.38096   0.13857
  1-3A  -> 12-3A    1.847840   14903.8   671.0   0.000687446   0.01519   0.11151  -0.01674  -0.04969
  1-3A  -> 13-3A    2.054261   16568.7   603.5   0.000190273   0.00378  -0.05337  -0.02841   0.01119
  1-3A  -> 14-3A    2.059390   16610.1   602.0   0.001832301   0.03632  -0.15618   0.05139   0.09635
=== ./DTA.out ===
  1-3A  ->  4-1A    0.986907    7959.9  1256.3   0.600706020  24.84434  -4.98303  -0.05138   0.10523
  1-3A  ->  5-1A    1.588450   12811.7   780.5   0.050309788   1.29277   0.00167  -1.13700   0.00071
  1-3A  ->  6-3A    1.693572   13659.6   732.1   0.003555505   0.08569  -0.29268   0.00164  -0.00527
  1-3A  ->  7-3A    1.971192   15898.7   629.0   0.039873941   0.82566   0.00322  -0.90865   0.00151
  1-3A  ->  8-3A    1.980915   15977.2   625.9   0.015321133   0.31569  -0.48301  -0.00617  -0.28697
  1-3A  ->  9-3A    2.148194   17326.4   577.2   0.003936294   0.07479   0.00033  -0.27348  -0.00060
  1-3A  -> 10-3A    2.173706   17532.1   570.4   0.003635828   0.06827  -0.25734   0.00398  -0.04507
  1-3A  -> 11-3A    2.191103   17672.4   565.9   0.002495839   0.04649   0.01733   0.21492  -0.00221
  1-3A  -> 12-3A    2.200842   17751.0   563.3   0.003625043   0.06723   0.25742   0.01293  -0.02829
  1-3A  -> 13-3A    2.227409   17965.3   556.6   0.106501405   1.95163   0.00754  -1.39699   0.00091
  1-3A  -> 14-3A    2.279453   18385.0   543.9   0.000093800   0.00168   0.00136  -0.02858   0.02934
=== ./PCzPyBTM2.out ===
  1-3A  ->  4-1A    3.578422   28861.9   346.5   0.270641560   3.08706   0.56962  -0.79715  -1.45847
  1-3A  ->  5-3A    3.701304   29853.0   335.0   0.308518806   3.40227  -0.00273  -1.64968  -0.82512
  1-3A  ->  6-3A    3.854633   31089.7   321.6   0.403130015   4.26878  -0.42106  -1.99421  -0.33857
  1-3A  ->  7-3A    3.876694   31267.6   319.8   0.033077989   0.34827   0.19604   0.35382  -0.42971
  1-3A  ->  8-3A    3.917769   31598.9   316.5   0.053807931   0.56060  -0.22619  -0.70909   0.08139
  1-3A  ->  9-3A    4.050750   32671.5   306.1   0.003710723   0.03739  -0.06709   0.12781   0.12867
  1-3A  -> 10-3A    4.077337   32885.9   304.1   0.026286409   0.26315  -0.24226  -0.40560   0.19987
  1-3A  -> 11-3A    4.155216   33514.1   298.4   0.002551096   0.02506   0.07115  -0.13957   0.02278
  1-3A  -> 12-3A    4.186339   33765.1   296.2   0.001722536   0.01679   0.09317  -0.08854   0.01659
  1-3A  -> 13-3A    4.278498   34508.4   289.8   0.002055939   0.01961   0.01040   0.12520   0.06190
  1-3A  -> 14-3A    4.304464   34717.8   288.0   0.003391684   0.03216  -0.05471   0.06432   0.15821
=== ./PyBTM-Hex.out ===
  1-3A  ->  4-1A    1.225650    9885.5  1011.6   0.054861660   1.82703  -1.35149   0.02236  -0.00000
  1-3A  ->  5-3A    1.622364   13085.3   764.2   0.000159274   0.00401  -0.00232   0.00064   0.06326
  1-3A  ->  6-3A    1.639400   13222.7   756.3   0.090303292   2.24833   1.42745  -0.45903  -0.00009
  1-3A  ->  7-3A    1.781968   14372.5   695.8   0.001164903   0.02668   0.00029   0.00021  -0.16335
  1-3A  ->  8-3A    1.785999   14405.1   694.2   0.006770224   0.15473   0.33754   0.20197  -0.00036
  1-3A  ->  9-3A    1.824298   14714.0   679.6   0.014800730   0.33115  -0.00043   0.00005  -0.57546
  1-3A  -> 10-3A    1.829134   14753.0   677.8   0.020958420   0.46769  -0.67336   0.11947  -0.00100
  1-3A  -> 11-3A    1.937712   15628.7   639.8   0.001291136   0.02720  -0.00055   0.00141   0.16491
  1-3A  -> 12-3A    1.945486   15691.4   637.3   0.055713317   1.16889  -0.36120   1.01903   0.00043
  1-3A  -> 13-3A    1.958049   15792.7   633.2   0.010668814   0.22240  -0.00028   0.00030   0.47159
  1-3A  -> 14-3A    1.967846   15871.7   630.1   0.003345342   0.06939   0.15041   0.21626  -0.00039
=== ./PyBTM-Ph.out ===
  1-3A  ->  4-1A    1.170570    9441.3  1059.2   0.323028260  11.26380   3.35359  -0.13132   0.00001
  1-3A  ->  5-3A    1.610304   12988.0   769.9   0.000144327   0.00366  -0.00042  -0.00007  -0.06048
  1-3A  ->  6-3A    1.654677   13345.9   749.3   0.047439832   1.17023   1.00338   0.40431   0.00001
  1-3A  ->  7-3A    1.804653   14555.5   687.0   0.000351772   0.00796  -0.00012   0.00013   0.08920
  1-3A  ->  8-3A    1.811519   14610.9   684.4   0.005664275   0.12763  -0.27960   0.22237   0.00006
  1-3A  ->  9-3A    1.830851   14766.8   677.2   0.017521908   0.39063   0.00022   0.00002  -0.62501
  1-3A  -> 10-3A    1.836033   14808.6   675.3   0.020983229   0.46648  -0.68209  -0.03520  -0.00044
  1-3A  -> 11-3A    1.960237   15810.4   632.5   0.000893661   0.01861  -0.00181  -0.00432  -0.13633
  1-3A  -> 12-3A    1.960621   15813.5   632.4   0.044481924   0.92604   0.37604   0.88580  -0.00074
  1-3A  -> 13-3A    2.004886   16170.5   618.4   0.010829767   0.22048  -0.00006  -0.00010  -0.46955
  1-3A  -> 14-3A    2.017455   16271.9   614.6   0.033340668   0.67455   0.24081  -0.78521  -0.00012
=== ./THDBA-PyBTM.out ===
  1-3A  ->  4-1A    1.101558    8884.7  1125.5   0.000098191   0.00364  -0.02581  -0.05186   0.01683
  1-3A  ->  5-3A    1.345178   10849.6   921.7   0.077627817   2.35548   1.35245  -0.62339   0.37115
  1-3A  ->  6-3A    1.489108   12010.5   832.6   0.000023691   0.00065   0.01574  -0.00275   0.01985
  1-3A  ->  7-3A    1.631561   13159.4   759.9   0.127886675   3.19937  -1.55615   0.57766  -0.66640
  1-3A  ->  8-3A    1.756162   14164.4   706.0   0.000004604   0.00011  -0.00703  -0.00198   0.00732
  1-3A  ->  9-3A    1.946443   15699.1   637.0   0.001649781   0.03460   0.05042   0.16745   0.06335
  1-3A  -> 10-3A    2.066040   16663.7   600.1   0.000022121   0.00044  -0.00283  -0.02037  -0.00373
  1-3A  -> 11-3A    2.112289   17036.8   587.0   0.055186055   1.06639  -0.51075  -0.84166  -0.31166
  1-3A  -> 12-3A    2.173035   17526.7   570.6   0.159685162   2.99944  -1.48418   0.48359  -0.75019
  1-3A  -> 13-3A    2.207906   17808.0   561.5   0.000229081   0.00423  -0.02540   0.05979   0.00386
  1-3A  -> 14-3A    2.211105   17833.8   560.7   0.005320459   0.09822   0.16238  -0.26804   0.00084
=== ./TPA-Me.out ===
  1-3A  ->  4-3A    0.776791    6265.2  1596.1   0.376440917  19.78037   4.44009  -0.25513  -0.03001
  1-3A  ->  5-1A    1.295884   10452.0   956.8   0.015615156   0.49184   0.26117  -0.65053   0.02081
  1-3A  ->  6-1A    1.326504   10699.0   934.7   0.014023652   0.43151   0.42726   0.49837  -0.02442
  1-3A  ->  7-3A    1.800844   14524.8   688.5   0.046881788   1.06260  -0.17163  -1.01567  -0.03960
  1-3A  ->  8-3A    1.822185   14696.9   680.4   0.002059353   0.04613  -0.07222   0.20087  -0.02374
  1-3A  ->  9-3A    1.872264   15100.8   662.2   0.048545634   1.05834   0.08327   0.83402  -0.59650
  1-3A  -> 10-3A    1.914987   15445.4   647.4   0.007408240   0.15790  -0.00998  -0.33659   0.21097
  1-3A  -> 11-3A    1.920300   15488.3   645.7   0.068417220   1.45425  -0.26835  -0.30415  -1.13566
  1-3A  -> 12-3A    2.028831   16363.6   611.1   0.225960912   4.54600  -2.12454  -0.17874   0.01905
  1-3A  -> 13-3A    2.132910   17203.1   581.3   0.010231350   0.19580  -0.08401  -0.31008  -0.30429
  1-3A  -> 14-3A    2.139472   17256.0   579.5   0.055736647   1.06335  -1.00387  -0.23561   0.00859
=== ./TPA-OMe.out ===
  1-3A  ->  4-3A    0.646434    5213.8  1918.0   0.174401149  11.01202   3.25622   0.42126  -0.48121
  1-3A  ->  5-3A    0.725964    5855.3  1707.9   0.065149998   3.66304  -1.90831  -0.07741   0.12416
  1-3A  ->  6-3A    1.067092    8606.7  1161.9   0.000001152   0.00004   0.00396   0.00532   0.00037
  1-3A  ->  7-3A    1.090734    8797.4  1136.7   0.000080749   0.00302  -0.05448  -0.00705   0.00202
  1-3A  ->  8-3A    1.189665    9595.3  1042.2   0.086921309   2.98225   1.53742   0.78294   0.07475
  1-3A  ->  9-3A    1.311658   10579.2   945.2   0.013950359   0.43412  -0.65596  -0.06186  -0.00351
  1-3A  -> 10-3A    1.633803   13177.5   758.9   0.000404511   0.01011   0.09998   0.01050   0.00039
  1-3A  -> 11-3A    1.758858   14186.2   704.9   0.034495588   0.80052  -0.87862   0.00142   0.16898
  1-3A  -> 12-3A    1.767936   14259.4   701.3   0.006950009   0.16046  -0.19197  -0.34861  -0.04556
  1-3A  -> 13-3A    1.812042   14615.1   684.2   0.125046339   2.81673  -1.01089  -1.33944  -0.02715
  1-3A  -> 14-3A    1.860486   15005.8   666.4   0.070621585   1.54936  -0.90941   0.84570   0.08441
=== ./TTM-Ph-Ph-TTM.out ===
  1-3A  ->  4-1A    1.291275   10414.8   960.2   0.069713215   2.20363   1.48446  -0.00000  -0.00000
  1-3A  ->  5-3A    1.592550   12844.8   778.5   0.068523545   1.75626   1.32524   0.00003  -0.00000
  1-3A  ->  6-3A    1.615936   13033.4   767.3   0.039707371   1.00297   1.00149   0.00001   0.00001
  1-3A  ->  7-3A    1.833850   14791.0   676.1   0.047185642   1.05024  -0.00005   1.00099   0.21968
  1-3A  ->  8-3A    1.839859   14839.5   673.9   0.000792442   0.01758  -0.00001   0.12013  -0.05612
  1-3A  ->  9-3A    1.978026   15953.9   626.8   0.053049070   1.09468   0.00004  -0.88955  -0.55080
  1-3A  -> 10-3A    1.980846   15976.6   625.9   0.000987879   0.02036   0.00004  -0.14223   0.01131
  1-3A  -> 11-3A    2.034385   16408.4   609.4   0.000089409   0.00179   0.04235   0.00011   0.00009
  1-3A  -> 12-3A    2.044461   16489.7   606.4   0.003979996   0.07946  -0.28189  -0.00015  -0.00004
  1-3A  -> 13-3A    2.146301   17311.1   577.7   0.031751795   0.60384  -0.77707  -0.00002  -0.00004
  1-3A  -> 14-3A    2.152166   17358.4   576.1   0.015324056   0.29063   0.53910  -0.00001   0.00005
=== ./TTM-Ph-TTM.out ===
  1-3A  ->  4-1A    1.253976   10114.0   988.7   0.192510734   6.26625  -2.50325  -0.00003  -0.00001
  1-3A  ->  5-3A    1.684951   13590.1   735.8   0.000002499   0.00006   0.00778  -0.00006  -0.00002
  1-3A  ->  6-3A    1.735941   14001.3   714.2   0.059148980   1.39077  -1.17931   0.00006  -0.00000
  1-3A  ->  7-3A    1.831525   14772.2   676.9   0.051961822   1.15801   0.00017   1.07223  -0.09133
  1-3A  ->  8-3A    1.831771   14774.2   676.9   0.002553970   0.05691  -0.00008   0.23763  -0.02098
  1-3A  ->  9-3A    1.980483   15973.7   626.0   0.000016801   0.00035   0.00007  -0.01837  -0.00295
  1-3A  -> 10-3A    1.980886   15976.9   625.9   0.051046639   1.05184  -0.00004  -1.00144  -0.22128
  1-3A  -> 11-3A    2.046353   16505.0   605.9   0.000000034   0.00000   0.00081  -0.00007  -0.00001
  1-3A  -> 12-3A    2.057771   16597.0   602.5   0.008436307   0.16734   0.40907  -0.00021  -0.00004
  1-3A  -> 13-3A    2.147371   17319.7   577.4   0.000008218   0.00016  -0.01250   0.00008   0.00013
  1-3A  -> 14-3A    2.160537   17425.9   573.9   0.014107276   0.26652   0.00003  -0.14709   0.49486
=== ./TTM-TTM.out ===
  1-3A  ->  4-3A    0.284161    2291.9  4363.2   0.000810971   0.11649   0.20855  -0.26913   0.02373
  1-3A  ->  5-3A    0.326746    2635.4  3794.5   0.000000186   0.00002  -0.00332  -0.00233  -0.00262
  1-3A  ->  6-3A    0.419535    3383.8  2955.3   0.000000042   0.00000   0.00173   0.00037   0.00098
  1-3A  ->  7-3A    0.453515    3657.8  2733.9   0.000000029   0.00000  -0.00056  -0.00105  -0.00107
  1-3A  ->  8-3A    0.488652    3941.2  2537.3   0.000025529   0.00213  -0.00711   0.03652  -0.02735
  1-3A  ->  9-1A    0.540584    4360.1  2293.5   0.000000006   0.00000  -0.00063  -0.00009  -0.00020
  1-3A  -> 10-3A    0.611683    4933.6  2026.9   0.000022993   0.00153   0.02733   0.02095   0.01866
  1-3A  -> 11-3A    0.783517    6319.5  1582.4   0.002415948   0.12586   0.06027   0.21734  -0.27384
  1-3A  -> 12-3A    0.802985    6476.5  1544.0   0.000025308   0.00129  -0.02284  -0.01898  -0.02011
  1-3A  -> 13-3A    0.868772    7007.1  1427.1   0.000000065   0.00000  -0.00017   0.00109  -0.00136
  1-3A  -> 14-3A    0.882132    7114.9  1405.5   0.000000037   0.00000   0.00068   0.00101   0.00048
=== ./TTMmTTM.out ===
  1-3A  ->  4-1A    1.126127    9082.8  1101.0   0.002498613   0.09056  -0.00588   0.30088  -0.00022
  1-3A  ->  5-3A    1.680686   13555.7   737.7   0.032786883   0.79626  -0.00003   0.00143  -0.89233
  1-3A  ->  6-3A    1.693944   13662.6   731.9   0.099767886   2.40400   0.04103  -1.54994   0.00063
  1-3A  ->  7-3A    1.794708   14475.3   690.8   0.076947529   1.75002  -1.32029  -0.08233   0.00862
  1-3A  ->  8-3A    1.794724   14475.4   690.8   0.001095337   0.02491   0.13007   0.00811   0.08904
  1-3A  ->  9-3A    1.988709   16040.0   623.4   0.013158239   0.27007   0.01232   0.00509  -0.51951
  1-3A  -> 10-3A    1.988729   16040.2   623.4   0.026941777   0.55296  -0.68738  -0.28349  -0.01017
  1-3A  -> 11-3A    2.101986   16953.7   589.8   0.003036484   0.05896  -0.00000   0.00010  -0.24282
  1-3A  -> 12-3A    2.106333   16988.7   588.6   0.015765343   0.30550   0.55211   0.02616  -0.00047
  1-3A  -> 13-3A    2.107590   16998.9   588.3   0.003792080   0.07344   0.00049  -0.00043  -0.27100
  1-3A  -> 14-3A    2.109799   17016.7   587.7   0.014616165   0.28277  -0.28511   0.44887  -0.00018
=== ./pseudo-o-PCP-TTM2.out ===
  1-3A  ->  4-1A    0.917794    7402.5  1350.9   0.002019474   0.08981  -0.10349  -0.22075   0.17428
  1-3A  ->  5-3A    1.296156   10454.2   956.6   0.145454544   4.58049  -0.73642  -1.18172   1.62533
  1-3A  ->  6-3A    1.303265   10511.5   951.3   0.087301007   2.73419   0.43281   1.10686  -1.14966
  1-3A  ->  7-3A    1.678450   13537.6   738.7   0.000371859   0.00904  -0.01634  -0.05256  -0.07755
  1-3A  ->  8-3A    1.684745   13588.4   735.9   0.002363604   0.05726  -0.06282  -0.09535   0.21030
  1-3A  ->  9-3A    1.837970   14824.2   674.6   0.055482828   1.23215  -0.32756  -0.75073  -0.74917
  1-3A  -> 10-3A    1.840360   14843.5   673.7   0.000606097   0.01344   0.05806   0.09155   0.04112
  1-3A  -> 11-3A    1.969005   15881.1   629.7   0.309669508   6.41939  -0.88486  -1.35314   1.95075
  1-3A  -> 12-3A    1.972863   15912.2   628.4   0.023453866   0.48524  -0.19458  -0.35226   0.56859
  1-3A  -> 13-3A    1.986995   16026.2   624.0   0.001214416   0.02495   0.00052   0.15529   0.02885
  1-3A  -> 14-3A    2.003094   16156.0   619.0   0.157217870   3.20363   0.48619   1.17107  -1.26327
=== ./pseudo-p-PCP-TTM2.out ===
  1-3A  ->  4-1A    1.076698    8684.2  1151.5   0.003884011   0.14724  -0.30070  -0.08673   0.22204
  1-3A  ->  5-3A    1.289199   10398.1   961.7   0.234272973   7.41727   2.46728   0.37122  -1.09178
  1-3A  ->  6-3A    1.302042   10501.7   952.2   0.034663221   1.08664  -0.96252  -0.12200   0.38119
  1-3A  ->  7-3A    1.736955   14009.5   713.8   0.000737802   0.01734   0.08286   0.10083  -0.01744
  1-3A  ->  8-3A    1.773782   14306.5   699.0   0.000026601   0.00061   0.01283  -0.01216  -0.01731
  1-3A  ->  9-3A    1.787369   14416.1   693.7   0.000683350   0.01561   0.09849  -0.04615  -0.06144
  1-3A  -> 10-3A    1.831868   14775.0   676.8   0.000078980   0.00176   0.02256   0.03376   0.01053
  1-3A  -> 11-3A    1.845428   14884.4   671.8   0.019799849   0.43793  -0.22719  -0.14459  -0.60449
  1-3A  -> 12-3A    1.846460   14892.7   671.5   0.049854237   1.10206  -0.25319   0.93514  -0.40432
  1-3A  -> 13-3A    1.988657   16039.6   623.5   0.083435427   1.71251   1.21198   0.15316  -0.46921
  1-3A  -> 14-3A    1.995581   16095.5   621.3   0.412001938   8.42697   2.64303   0.40233  -1.13115
